1 1.4408
2 0.8821
3 2.6305
4 0.3614
5 1.8447
6 1.3161
7 2.9247
8 1.1781
9 0.9241
10 1.3129
11 1.1808
12 0.4683
13 0.7573
14 0.721
15 0.3374
16 0.3999
17 0.3605
18 3.1282
19 1.7524
20 1.5185
21 0.4586
22 0.5605
23 0.7087
24 0.5536
25 0.3828
26 0.9088
27 0.8041
28 0.8891
29 1.6283
30 0.3184
31 0.9424
32 0.8161
33 3.0068
34 1.5305
35 4.1641
36 2.5363
37 7.2811
38 5.1651
39 1.0649
40 0.3645
41 0.3127
42 1.9641
43 4.9077
44 1.1691
45 0.3662
46 0.61
47 0.7826
48 3.4927
49 0.8556
50 2.9387
51 1.9445
52 0.3397
53 2.223
54 0.5743
55 0.4858
56 1.7124
57 0.7851
58 1.0475
59 0.4667
60 0.6954
61 2.3129
62 0.8463
63 1.5626
64 0.4184
65 1.7612
66 4.3601
67 0.6568
68 2.0769
69 3.0702
70 1.3643
71 3.732
72 1.5117
73 0.8545
74 1.2465
75 1.949
76 3.0983
77 2.1993
78 1.5884
79 0.798
80 5.4998
81 2.6474
82 0.3606
83 0.6614
84 3.2659
85 2.7101
86 0.3864
87 0.788
88 1.8696
89 0.7757
90 0.737
91 0.7531
92 2.3877
93 1.0748
94 0.5818
95 0.5423
96 0.65
97 0.3851
98 6.5109
99 1.0659
100 1.6439
1 1.4307
2 1.4315
3 1.8898
4 0.669
5 2.7533
6 1.7563
7 3.2511
8 1.5364
9 0.9987
10 1.3967
11 1.2198
12 0.4391
13 1.8101
14 0.8862
15 0.4591
16 0.4932
17 0.326
18 2.6459
19 1.7375
20 1.5918
21 0.4488
22 0.3829
23 0.5366
24 0.3716
25 0.3781
26 1.1713
27 0.7528
28 0.9263
29 1.8255
30 0.379
31 1.0589
32 0.6807
33 3.1232
34 1.5539
35 4.039
36 1.7445
37 6.8164
38 3.5625
39 0.9248
40 0.3541
41 0.3027
42 1.8234
43 5.1988
44 1.8766
45 0.3076
46 0.7546
47 0.9652
48 3.2238
49 0.6554
50 3.023
51 1.7305
52 0.3388
53 1.1194
54 0.7971
55 0.6799
56 1.7943
57 0.7772
58 1.0318
59 0.4863
60 1.0495
61 2.5515
62 1.234
63 2.1191
64 0.2277
65 3.0737
66 6.8264
67 0.6724
68 1.8655
69 1.9315
70 1.1181
71 3.775
72 1.2122
73 1.2474
74 1.0839
75 1.5447
76 2.1158
77 1.4194
78 1.6354
79 0.5963
80 3.7294
81 2.2987
82 0.5268
83 0.6897
84 3.411
85 2.2382
86 0.2778
87 0.5575
88 1.6965
89 0.7289
90 2.3484
91 0.795
92 2.6686
93 0.6811
94 0.7761
95 0.6654
96 1.845
97 0.3853
98 7.1625
99 1.4009
100 2.3433
1 1.3651
2 0.7532
3 1.4474
4 0.3408
5 1.7345
6 0.8219
7 2.5873
8 1.4466
9 0.6167
10 0.842
11 1.2219
12 0.4257
13 0.3992
14 0.4936
15 0.275
16 0.3653
17 0.2478
18 1.8524
19 1.172
20 0.9796
21 0.2631
22 0.2433
23 0.3286
24 0.283
25 0.3647
26 1.181
27 0.6858
28 0.6366
29 1.1093
30 0.1814
31 0.5418
32 0.5097
33 3.3607
34 1.0705
35 2.6542
36 1.4669
37 5.0487
38 2.6904
39 0.5932
40 0.3552
41 0.2135
42 1.1686
43 3.6205
44 1.1549
45 0.1916
46 0.3989
47 0.4704
48 3.3617
49 0.5976
50 2.0032
51 1.1775
52 0.336
53 1.5014
54 0.3646
55 0.4494
56 1.5324
57 0.5579
58 1.0592
59 0.313
60 1.0314
61 1.5717
62 0.808
63 1.1497
64 0.1515
65 1.6511
66 4.1849
67 0.4277
68 1.6989
69 1.8053
70 0.8061
71 3.5808
72 1.2213
73 0.5556
74 0.6784
75 1.1124
76 1.9593
77 2.0552
78 1.0244
79 0.5016
80 2.1656
81 1.437
82 0.2341
83 0.4265
84 2.2856
85 2.5612
86 0.1897
87 0.3001
88 1.7285
89 0.5656
90 0.4671
91 0.378
92 1.9049
93 0.8083
94 0.4729
95 0.6454
96 0.41
97 0.3698
98 4.9425
99 1.259
100 1.7592
