1 2.0514
2 0.9458
3 1.6166
4 0.4131
5 1.353
6 1.1304
7 2.5733
8 1.3075
9 0.9502
10 1.1084
11 1.4743
12 0.4655
13 0.8212
14 0.5113
15 0.346
16 0.3864
17 0.2015
18 1.5673
19 1.3411
20 1.2912
21 0.3345
22 0.2726
23 0.3806
24 0.2842
25 0.3477
26 1.0924
27 0.6114
28 0.9187
29 1.6935
30 0.2161
31 0.8812
32 0.654
33 2.8969
34 1.3848
35 2.6266
36 1.7333
37 4.532
38 2.6037
39 0.6218
40 0.2657
41 0.3048
42 1.7775
43 4.2558
44 1.1272
45 0.2077
46 0.5758
47 0.5885
48 3.0747
49 0.6264
50 2.5756
51 1.3515
52 0.2303
53 1.0985
54 0.5778
55 1.6644
56 1.6101
57 0.555
58 0.7477
59 0.3344
60 1.2315
61 2.0448
62 0.8359
63 0.8881
64 0.1825
65 1.8542
66 5.2114
67 0.7397
68 1.9738
69 2.8808
70 1.2519
71 2.6608
72 0.9264
73 0.8211
74 1.0472
75 1.5395
76 2.4579
77 1.4953
78 1.1293
79 0.8918
80 2.8132
81 1.669
82 0.2465
83 0.4819
84 1.998
85 2.2095
86 0.3033
87 0.3607
88 1.3413
89 0.9011
90 0.7897
91 0.6139
92 1.587
93 0.7296
94 0.7482
95 0.6214
96 0.6341
97 0.4392
98 4.9922
99 0.8528
100 1.7986
1 1.6255
2 1.2398
3 1.9085
4 0.5322
5 2.1592
6 1.3984
7 2.3119
8 1.5174
9 1.2895
10 1.2067
11 2.4903
12 0.4715
13 0.6594
14 0.5605
15 0.3574
16 0.4346
17 0.3408
18 2.4869
19 1.3855
20 1.534
21 0.4553
22 0.3806
23 0.6365
24 0.3941
25 0.3555
26 1.0152
27 0.6393
28 0.9867
29 1.146
30 0.3051
31 0.7388
32 0.841
33 3.4525
34 1.7038
35 3.9365
36 3.3788
37 4.5287
38 2.6292
39 0.6123
40 0.3703
41 0.3295
42 1.9144
43 4.3843
44 1.0937
45 0.2182
46 1.0887
47 0.9362
48 3.1971
49 0.5103
50 3.5899
51 2.387
52 0.3329
53 1.8367
54 0.575
55 0.6975
56 1.7711
57 1.0903
58 1.1795
59 0.4868
60 1.2655
61 2.4954
62 1.2516
63 1.3725
64 0.3151
65 2.2061
66 5.022
67 0.4758
68 2.1575
69 2.7699
70 0.8374
71 3.6783
72 1.3599
73 1.2572
74 0.7235
75 1.2886
76 2.6039
77 1.263
78 1.8094
79 0.8855
80 3.3029
81 1.4874
82 0.4501
83 0.713
84 3.4284
85 2.6898
86 0.4273
87 0.5138
88 1.769
89 1.0636
90 0.9811
91 1.4804
92 3.0118
93 1.1004
94 0.7057
95 0.7079
96 0.6868
97 0.4252
98 5.492
99 3.1354
100 3.331
1 1.7856
2 0.8277
3 1.9021
4 0.3815
5 1.3347
6 1.1335
7 2.5104
8 1.5635
9 0.6358
10 0.8587
11 1.6036
12 0.2935
13 0.4695
14 0.6386
15 0.263
16 0.2555
17 0.165
18 1.5238
19 1.1144
20 1.003
21 0.3139
22 0.2615
23 0.3252
24 0.2717
25 0.3559
26 0.8485
27 0.6248
28 0.599
29 1.0744
30 0.1831
31 1.038
32 0.5672
33 2.6602
34 1.0315
35 2.7275
36 1.5093
37 4.0295
38 2.5169
39 0.6038
40 0.2357
41 0.1927
42 1.209
43 2.9455
44 1.0688
45 0.1887
46 0.7514
47 0.4697
48 2.0585
49 0.7076
50 1.7603
51 1.8277
52 0.22
53 0.9666
54 0.4054
55 0.4522
56 1.3635
57 0.5724
58 0.7164
59 0.3365
60 0.7699
61 1.9609
62 1.0647
63 0.9801
64 0.1648
65 1.6473
66 4.357
67 0.6703
68 2.3003
69 2.1433
70 0.8546
71 2.5809
72 0.8413
73 1.3014
74 1.109
75 1.0667
76 2.3391
77 1.2696
78 1.1525
79 0.9966
80 2.8637
81 2.1355
82 0.353
83 0.6956
84 2.6766
85 2.6239
86 0.2942
87 0.4452
88 1.7183
89 1.3166
90 0.5905
91 0.528
92 1.8408
93 0.6776
94 0.509
95 0.5809
96 0.927
97 0.282
98 4.16
99 0.8092
100 1.4688
