1 495
2 324
3 525
4 143
5 568
6 365
7 686
8 410
9 272
10 382
11 272
12 120
13 180
14 203
15 80
16 102
17 56
18 460
19 472
20 432
21 126
22 101
23 131
24 98
25 84
26 345
27 253
28 260
29 473
30 64
31 242
32 240
33 1195
34 403
35 1095
36 647
37 1620
38 1096
39 256
40 86
41 68
42 509
43 1242
44 444
45 68
46 199
47 204
48 846
49 154
50 763
51 517
52 81
53 424
54 160
55 191
56 521
57 219
58 284
59 125
60 313
61 571
62 353
63 337
64 48
65 721
66 1692
67 185
68 552
69 719
70 356
71 936
72 342
73 235
74 296
75 366
76 689
77 503
78 464
79 231
80 952
81 601
82 84
83 190
84 799
85 755
86 73
87 110
88 478
89 247
90 205
91 158
92 615
93 283
94 196
95 176
96 170
97 108
98 1560
99 320
100 502
1 495
2 324
3 525
4 143
5 568
6 365
7 686
8 410
9 272
10 382
11 272
12 120
13 180
14 203
15 80
16 102
17 56
18 460
19 472
20 432
21 126
22 101
23 131
24 98
25 84
26 345
27 253
28 260
29 473
30 64
31 242
32 240
33 1195
34 403
35 1095
36 647
37 1620
38 1096
39 256
40 86
41 68
42 509
43 1242
44 444
45 68
46 199
47 204
48 846
49 154
50 763
51 517
52 81
53 424
54 160
55 191
56 521
57 219
58 284
59 125
60 313
61 571
62 353
63 337
64 48
65 721
66 1692
67 185
68 552
69 719
70 356
71 936
72 342
73 235
74 296
75 366
76 689
77 503
78 464
79 231
80 952
81 601
82 84
83 190
84 799
85 755
86 73
87 110
88 478
89 247
90 205
91 158
92 615
93 283
94 196
95 176
96 170
97 108
98 1560
99 320
100 502
1 495
2 324
3 525
4 143
5 568
6 365
7 686
8 410
9 272
10 382
11 272
12 120
13 180
14 203
15 80
16 102
17 56
18 460
19 472
20 432
21 126
22 101
23 131
24 98
25 84
26 345
27 253
28 260
29 473
30 64
31 242
32 240
33 1195
34 403
35 1095
36 647
37 1620
38 1096
39 256
40 86
41 68
42 509
43 1242
44 444
45 68
46 199
47 204
48 846
49 154
50 763
51 517
52 81
53 424
54 160
55 191
56 521
57 219
58 284
59 125
60 313
61 571
62 353
63 337
64 48
65 721
66 1692
67 185
68 552
69 719
70 356
71 936
72 342
73 235
74 296
75 366
76 689
77 503
78 464
79 231
80 952
81 601
82 84
83 190
84 799
85 755
86 73
87 110
88 478
89 247
90 205
91 158
92 615
93 283
94 196
95 176
96 170
97 108
98 1560
99 320
100 502
