1 840
2 692
3 824
4 304
5 936
6 572
7 1008
8 640
9 456
10 612
11 640
12 304
13 456
14 364
15 172
16 240
17 148
18 920
19 840
20 708
21 356
22 216
23 292
24 236
25 176
26 552
27 460
28 444
29 772
30 156
31 472
32 516
33 1632
34 748
35 1532
36 992
37 2080
38 1464
39 440
40 224
41 160
42 808
43 1656
44 812
45 160
46 544
47 388
48 1260
49 292
50 1108
51 816
52 196
53 700
54 344
55 352
56 820
57 380
58 560
59 240
60 704
61 916
62 560
63 728
64 140
65 1020
66 2152
67 392
68 828
69 1156
70 632
71 1304
72 572
73 580
74 480
75 688
76 1080
77 940
78 740
79 484
80 1320
81 992
82 176
83 420
84 1236
85 1100
86 188
87 248
88 800
89 500
90 412
91 296
92 960
93 536
94 472
95 360
96 308
97 292
98 2020
99 780
100 824
1 840
2 692
3 824
4 304
5 936
6 572
7 1008
8 640
9 456
10 612
11 640
12 304
13 456
14 364
15 172
16 240
17 148
18 920
19 840
20 708
21 356
22 216
23 292
24 236
25 176
26 552
27 460
28 444
29 772
30 156
31 472
32 516
33 1632
34 748
35 1532
36 992
37 2080
38 1464
39 440
40 224
41 160
42 808
43 1656
44 812
45 160
46 544
47 388
48 1260
49 292
50 1108
51 816
52 196
53 700
54 344
55 352
56 820
57 380
58 560
59 240
60 704
61 916
62 560
63 728
64 140
65 1020
66 2152
67 392
68 828
69 1156
70 632
71 1304
72 572
73 580
74 480
75 688
76 1080
77 940
78 740
79 484
80 1320
81 992
82 176
83 420
84 1236
85 1100
86 188
87 248
88 800
89 500
90 412
91 296
92 960
93 536
94 472
95 360
96 308
97 292
98 2020
99 780
100 824
1 840
2 692
3 824
4 304
5 936
6 572
7 1008
8 640
9 456
10 612
11 640
12 304
13 456
14 364
15 172
16 240
17 148
18 920
19 840
20 708
21 356
22 216
23 292
24 236
25 176
26 552
27 460
28 444
29 772
30 156
31 472
32 516
33 1632
34 748
35 1532
36 992
37 2080
38 1464
39 440
40 224
41 160
42 808
43 1656
44 812
45 160
46 544
47 388
48 1260
49 292
50 1108
51 816
52 196
53 700
54 344
55 352
56 820
57 380
58 560
59 240
60 704
61 916
62 560
63 728
64 140
65 1020
66 2152
67 392
68 828
69 1156
70 632
71 1304
72 572
73 580
74 480
75 688
76 1080
77 940
78 740
79 484
80 1320
81 992
82 176
83 420
84 1236
85 1100
86 188
87 248
88 800
89 500
90 412
91 296
92 960
93 536
94 472
95 360
96 308
97 292
98 2020
99 780
100 824
