4000 100
1739 8994 -7242 -5819 9159 7444 5820 -9333 9305 9137 3406 -4075 7742 9393 2429 9161 3386 -1270 5791 -2909 7008 8574 1260 4128 -7649 -6514 2745 -7553 2819 8952 231 -2234 -5618 -8136 4332 9946 -584 173 4189 -9689 512 -8547 -4653 -6518 1717 -3749 -4179 8778 4448 -8081 -3603 -5107 -5786 5743 -9294 -2014 2241 935 -3355 -9839 -7402 2778 4977 9997 -7979 -8342 7346 7250 5276 2017 -4718 5691 5091 -9360 7025 -4622 -4524 1160 -6204 7980 1532 -5009 6740 2982 -5520 -4065 4130 9953 4035 2204 3332 -634 -1038 -6817 -3493 -6599 6417 -6065 4771 -6778
6
5
1 -6204
6
2 -6891
6
1 -2014
2 -8830
6
1 -8846
3 -6599
5
6
2 8229
3 -5009
2 -2401
5
2 -3933
6
5
2 -9495
4
4
4
5
1 6775
2 8351
5
5
6
3 4977
3 4130
5
1 -3493
5
4
5
2 1079
4
1 -6778
6
4
5
6
3 231
1 6740
6
4
2 6729
1 -9605
1 -1930
1 -3168
5
6
3 7008
5
5
3 -2401
2 6174
6
6
6
3 -3933
6
5
6
2 -6459
1 -3603
5
5
5
5
3 4035
2 -1519
6
2 -6953
4
4
2 -2235
3 -4718
5
1 5276
3 5091
4
6
2 1610
4
5
2 9571
5
3 2017
6
2 -7492
6
6
4
4
6
2 -7714
3 4448
5
5
2 5412
5
4
4
3 -4179
3 -4075
4
6
2 1126
5
2 3788
5
2 -4760
3 1260
1 -1519
2 -5523
4
3 1160
4
3 4189
3 -634
6
1 -5523
6
1 -5523
5
6
1 7728
5
5
6
6
6
3 -6817
4
5
5
4
5
4
6
2 -5783
6
4
5
5
3 -6204
5
2 2153
4
1 -5107
1 2819
4
6
2 1330
5
1 -2235
5
4
1 5766
1 -5520
1 6950
4
1 935
3 2241
5
6
4
6
3 935
1 6912
4
6
2 4883
4
6
1 -3603
1 -6939
4
4
1 2429
5
2 5544
1 1610
2 -3543
3 -2014
3 -3603
3 -3355
1 6331
4
1 5544
1 4076
2 -6592
1 7342
3 173
1 337
2 -2488
3 1532
4
6
1 9862
4
3 -4524
2 3849
5
5
2 -1395
4
6
1 -6068
1 7534
4
2 3357
6
4
3 1079
5
5
6
2 -5179
2 -5430
1 -1395
5
2 2830
4
2 -3577
4
5
6
3 1126
5
4
5
5
4
6
6
1 -1588
6
6
4
5
2 8719
4
6
4
6
5
3 1330
3 -1038
5
1 -1270
5
1 -1731
6
3 -1519
6
5
2 6191
3 -1395
3 -1270
5
3 512
1 -2234
1 -2192
5
6
2 -1782
5
2 7295
2 5226
2 5148
6
1 5686
5
5
4
1 -6742
6
4
1 -9304
6
5
2 5647
6
3 -2234
1 -4747
4
2 -2820
6
6
6
5
2 -3442
1 -3203
4
2 -8667
4
2 -858
5
6
2 -4173
1 -4173
2 -6167
3 -6167
2 -7178
4
2 -7994
2 4349
2 5285
6
2 -7700
3 -7700
2 604
1 604
5
5
1 -7994
6
1 9432
4
5
5
2 -7217
2 -951
4
6
6
3 -951
2 -3726
4
2 -2469
3 -2469
2 3136
1 -2391
4
6
2 6138
6
2 -9480
6
5
4
6
2 -4265
2 3690
6
4
5
2 6464
4
2 1252
4
2 6882
4
6
2 4629
3 4629
6
2 2701
1 2701
6
5
2 -2962
6
4
6
2 4240
4
2 -3676
6
1 -2117
5
2 4094
5
6
2 -4179
1 -4179
6
4
2 554
2 7927
4
1 -8566
2 -6887
6
2 4194
2 -4650
5
3 4194
6
3 -6887
1 1210
2 -4086
3 -4086
2 -5887
3 -4650
3 -5887
2 7902
3 7902
6
2 -7679
4
2 114
3 114
2 -5292
4
2 1643
3 1643
2 2005
3 2005
6
2 4707
1 4707
1 -8981
6
3 4707
2 2760
6
6
2 -2351
6
5
5
2 -9190
4
2 2732
5
2 -1308
3 -1308
2 -1630
3 -1630
6
2 -8769
5
2 4681
1 4681
1 9178
5
2 9776
4
2 -540
1 -7115
2 221
2 -5903
2 -8845
2 -2366
5
4
2 3210
4
4
4
3 3210
2 -5442
3 -5442
2 7400
1 9157
1 7400
4
2 1305
6
4
2 9782
2 -1577
1 -1147
3 9782
5
2 998
2 3355
3 998
1 -7456
2 -6885
6
6
5
4
6
2 -6847
4
6
2 -624
6
4
6
2 3124
4
2 7469
4
2 4035
5
6
6
2 7602
6
6
5
2 -6031
4
2 4941
1 -9186
2 4128
6
2 -4871
5
2 -6938
5
2 -9028
4
2 2483
6
4
1 2483
2 -6600
4
3 2483
5
6
2 6610
2 3868
2 7988
2 2818
3 6610
3 3868
6
2 -4390
6
3 7988
3 -4390
2 -548
5
5
2 5003
6
3 5003
6
2 -4866
2 8165
6
6
3 8165
5
6
2 6758
6
4
2 5888
5
6
2 6422
3 6422
2 2172
5
2 5054
2 6658
3 6658
1 -929
4
2 5285
5
2 -4380
3 -4380
2 5068
4
2 9100
5
6
2 -1485
1 -1485
5
2 -9041
6
3 -9041
2 9263
3 9263
2 6538
2 7655
3 7655
5
2 -3841
4
6
2 9534
1 9534
5
2 -2956
3 -2956
2 2007
5
2 -6274
5
2 528
4
2 -3424
6
1 6393
1 1440
1 -5859
3 -3424
6
2 9638
1 9638
5
6
2 -7421
4
2 -3906
6
1 -3906
3 -3906
2 -5360
2 6993
5
6
3 -5360
6
2 -9378
2 -6829
4
6
1 -4073
2 -6444
4
2 5579
4
6
1 5579
5
2 -4589
3 -4589
2 -1436
2 8906
1 -1436
1 8906
1 1754
6
5
6
6
3 -1436
6
2 2060
4
2 -102
1 -5986
1 6603
1 -102
1 -102
1 -102
6
5
2 -3315
1 -3315
5
2 -2525
5
2 -7674
5
2 -8452
4
2 6039
5
6
2 -6293
5
2 -1585
5
2 2760
4
2 4715
5
2 5449
5
2 2261
3 2261
2 8247
4
2 1421
5
2 -2487
2 3929
3 -2487
3 3929
2 5086
3 5086
2 -5330
4
2 -4540
4
2 -2138
3 -2138
2 -5089
6
6
5
2 -5987
1 6674
5
2 6204
4
2 8411
3 8411
2 -3535
2 -5597
6
3 -3535
4
2 -2834
2 155
3 155
6
4
6
2 9969
5
2 -749
3 -749
6
2 -5517
4
2 -9058
1 -1958
6
3 -9058
2 -758
3 -758
2 -3264
5
2 6332
1 6332
2 -8624
5
3 -8624
6
2 9380
4
2 -3604
5
2 4009
2 2481
6
1 2481
3 2481
5
2 -302
5
2 1870
3 1870
2 763
5
6
2 9853
4
2 6789
5
2 -5137
6
3 -5137
2 -4221
3 -4221
2 5606
5
2 2706
5
2 -6678
1 -6678
5
2 9455
2 -1395
6
2 -181
6
6
6
6
1 -1395
6
2 -9659
2 1341
4
4
2 -2483
6
2 -3047
2 -6822
3 -6822
6
4
5
6
5
6
5
6
3 -2483
2 200
2 2838
3 2838
6
6
6
3 200
2 -1928
5
2 7391
6
6
6
2 5093
6
4
5
2 1101
2 -9406
1 6986
1 -766
1 -9406
4
4
2 8811
1 8811
4
2 -8668
3 -8668
2 2061
1 2061
2 -1218
1 -1218
5
2 -4781
4
4
2 9718
6
2 -7345
3 9718
5
2 7737
3 7737
6
2 9437
6
5
6
2 -4915
5
2 -8949
1 -8949
2 8041
5
6
1 -4740
4
6
2 482
4
2 2997
6
3 2997
2 9090
1 9090
2 -4299
3 -4299
5
2 108
3 108
2 -9494
2 -1772
2 5661
5
6
4
4
2 2366
3 2366
2 6757
5
2 -9192
5
6
2 -662
1 -662
1 -1043
6
3 -662
2 -3717
4
2 -9749
2 3474
6
4
6
2 -2918
3 3474
2 -6435
3 -6435
5
6
2 2213
6
2 9309
5
2 -5935
2 8303
4
6
6
6
6
6
6
2 994
6
6
3 8303
1 2213
2 -2298
4
6
5
3 994
6
2 2084
2 -3324
6
6
6
4
6
5
2 -6522
1 -6522
6
2 -9662
4
4
2 -3514
1 -3514
5
6
2 7557
5
6
2 6107
5
2 -6786
5
2 -9251
2 5882
5
5
2 -5696
3 -5696
6
2 979
3 979
2 -5950
4
6
2 7414
1 7414
2 8909
2 -4410
2 -102
3 -4410
3 7414
6
4
4
2 3488
5
6
2 527
2 -4562
6
3 -4562
5
2 3053
3 3053
2 7088
4
2 -6384
6
2 9515
4
1 3640
1 9515
2 7495
2 1121
3 9515
4
5
2 8249
1 7849
5
2 -3564
4
2 -4185
6
1 -4185
1 -4185
6
1 -4185
2 5858
1 -7626
1 5189
1 5858
3 -4185
2 3501
2 5133
1 5858
1 5133
1 -1634
3 3501
6
4
2 -3296
2 7147
6
4
2 -4763
4
3 5858
2 -6373
4
3 7147
2 -2021
4
2 -3305
2 2623
1 8125
4
3 2623
2 6317
1 3171
3 6317
2 9425
6
2 -2945
1 1535
6
6
5
1 7071
1 -2945
1 -8090
3 -2945
2 946
3 946
2 1684
1 1684
4
2 -5182
2 -2077
1 -4364
4
4
2 8931
4
2 7943
2 914
2 -4461
4
2 -7699
5
4
6
2 -5462
1 -1306
4
5
2 -2470
2 -8393
3 -2470
5
2 7621
4
2 -9096
2 7112
5
1 -9096
1 -9096
1 2832
1 1795
5
2 -7140
3 -7140
2 -5440
2 8696
2 2697
1 6591
3 -5440
2 7382
4
2 4412
3 8696
3 4412
1 3983
6
5
2 9433
6
5
2 7607
2 -7314
4
4
2 -862
4
2 8228
1 2939
6
2 4623
4
3 8228
2 -731
4
2 -4917
4
2 -9612
5
2 -1023
6
6
6
3 -1023
2 469
6
3 469
2 -1361
6
2 -1816
3 -1816
5
2 3027
2 -8522
5
3 -8522
2 -8483
5
6
2 8583
4
6
6
2 -2669
5
2 661
4
2 2787
4
2 8294
3 8294
2 -3560
5
2 7179
2 2244
3 2244
6
6
2 53
5
3 53
2 -958
5
2 -9793
1 -8332
1 8254
5
2 3677
1 3677
4
2 9673
6
2 -8935
2 -9840
4
1 9673
3 -8935
3 9673
2 2188
1 1396
2 5000
1 5000
4
3 5000
2 -1711
4
2 -1353
4
2 -7352
4
2 -6839
1 -6839
5
6
6
2 -7396
1 -7396
2 5059
3 5059
4
6
6
2 4840
4
6
6
2 -8239
1 -8239
3 -8239
2 -6577
3 -6577
6
2 -7208
6
4
2 8802
3 8802
2 -4548
6
4
2 408
3 408
2 -6299
5
2 9829
4
2 -2700
4
2 -4050
2 6316
3 6316
3 -4050
2 -5254
1 -5254
2 4683
2 3336
3 4683
3 -5254
1 -7589
2 -3377
2 7482
1 7482
1 -3377
1 3336
4
5
2 -1347
3 -1347
2 740
6
4
6
1 3336
1 3336
6
6
3 3336
2 -415
4
2 9781
2 -7268
6
3 -7268
3 9781
2 -9693
1 1048
3 -9693
6
2 -8072
1 -8072
2 4832
1 1019
4
6
4
2 4101
4
2 -9929
1 -9929
3 -9929
2 8061
6
5
2 -8522
1 -8522
5
2 6483
1 6483
1 6483
2 5392
5
4
6
2 -269
5
2 -4995
4
2 9438
1 1708
1 3608
2 -750
5
6
6
1 -750
2 -5782
5
1 -5782
5
2 -6492
2 -2212
3 -6492
4
2 6159
1 -5471
3 6159
2 6862
4
2 6358
3 6358
2 4932
5
2 494
5
2 8558
2 413
3 8558
1 413
5
6
2 -2958
6
1 2563
3 -2958
6
6
2 -9280
1 -9280
5
2 -5255
2 8559
5
3 -5255
2 6211
5
2 7984
2 6882
6
6
6
5
1 6882
4
2 -435
2 -890
1 3450
6
4
1 -435
1 -4650
6
1 -6031
5
2 9464
6
2 64
4
5
2 -7068
4
2 -4464
5
6
2 -9337
1 -9337
1 -9751
6
2 9268
1 -9337
2 488
5
3 -9337
4
2 6851
2 3231
5
4
2 3081
5
2 -2713
6
4
2 6031
5
2 8958
3 8958
2 6639
6
3 6639
2 -1384
1 -4828
1 4390
6
6
2 -7129
2 -6312
2 6194
6
1 -1384
4
4
2 -2212
4
2 -920
5
2 -4131
5
6
1 -2672
2 -896
5
5
1 -4131
6
2 -5588
2 1835
1 -5588
3 -4131
2 -8045
6
3 -5588
5
5
2 1319
5
2 6130
3 6130
2 955
6
1 955
4
2 -957
1 1788
5
2 326
5
6
2 -5011
2 7735
6
1 7735
1 7735
1 7735
5
5
2 1902
5
2 9342
3 9342
6
2 -732
5
2 -5477
4
2 3299
4
2 8456
5
6
2 565
3 565
2 7456
4
2 -9024
6
3 -9024
2 -5709
6
5
2 3825
5
2 7362
3 7362
2 9781
3 9781
2 4362
4
2 -2349
3 -2349
2 -9849
3 -9849
6
2 6286
5
2 5845
6
4
2 8840
1 8840
5
2 -4271
4
2 7563
3 7563
2 -5770
4
2 3127
1 3127
2 -9182
2 3317
1 -8673
2 -6021
5
5
5
4
6
2 4517
6
6
5
2 -7114
2 -2005
3 -2005
2 -8705
5
1 -3471
3 -8705
2 2616
1 -9292
3 2616
2 -7783
1 -7783
3 -7783
2 -6929
5
2 3860
6
1 3860
3 3860
2 3965
2 -140
6
3 -140
1 4095
6
3 3965
6
2 4802
4
2 -7836
2 -5428
5
4
2 -2322
2 6791
3 -2322
1 -1799
4
2 6190
1 6190
1 6190
4
2 -445
1 -9441
1 -445
6
4
6
2 -5081
1 -8755
5
2 1067
5
2 -1246
4
2 -3016
2 -8163
6
1 -3016
1 -3016
4
3 -3016
2 -4476
3 -4476
6
2 5536
1 -9367
3 5536
2 7507
6
2 6847
1 6847
3 6847
3 7507
2 1567
3 1567
6
2 -5258
1 -5258
2 -758
5
1 -5258
3 -5258
6
2 -9769
1 7391
4
2 1930
2 6698
5
2 3650
1 1930
5
2 -8121
1 407
1 1930
5
4
2 -1686
6
2 9678
2 -7356
5
5
6
6
1 5665
6
4
2 -2185
3 -2185
2 -6016
5
2 8967
5
2 -8581
3 -8581
2 -6543
1 -6543
2 9854
2 -8707
1 3158
3 9854
6
1 -8707
5
1 -8549
5
2 1499
5
2 6338
5
2 -7431
4
2 -4496
1 7397
2 -9509
6
2 -2373
4
2 -7621
1 -7096
1 -7621
6
4
2 3479
1 -4496
6
3 -4496
4
2 7539
6
5
3 3479
2 2759
6
2 8662
2 489
2 4026
5
2 -1592
3 489
3 2759
1 -1592
5
1 -1592
4
2 -7865
1 -7865
1 -2847
4
2 -1654
1 2158
3 -1654
2 -5673
5
6
2 -7009
5
6
2 -8082
4
2 5371
6
4
2 2027
2 8724
6
1 -6697
6
2 -7463
1 -1112
1 2027
1 8542
4
3 8724
3 2027
2 5897
5
2 -6268
6
2 -628
5
3 -6268
2 7954
1 7954
2 7995
4
3 7995
2 -4409
6
6
1 3659
4
2 -3887
4
2 -4946
3 -4946
2 3572
5
2 -8695
3 -8695
2 54
5
2 983
6
2 -3728
3 983
6
5
2 3165
6
1 5644
2 -4391
4
1 -8387
5
2 7183
2 6120
3 6120
4
2 9033
3 9033
2 -7308
4
2 -8839
6
1 -5017
5
2 9643
3 9643
6
2 -9646
1 3577
1 -2390
3 -9646
2 5421
3 5421
2 -8502
6
4
2 5045
6
4
2 -1967
4
2 -8430
4
2 -8133
5
2 -6314
5
2 -837
5
2 1149
3 1149
2 3084
4
2 -4036
4
2 5021
5
2 -4894
4
2 -1454
4
2 9284
2 5033
4
1 9284
5
2 5301
3 5301
6
2 9056
4
2 -8579
4
2 2471
4
2 -9226
3 -9226
2 3575
4
2 -3128
6
6
5
2 -7521
5
2 1124
6
4
2 2504
5
6
2 7051
6
6
5
2 -525
3 -525
2 -5123
2 1331
2 -8200
5
5
5
2 -3112
3 -3112
2 9734
6
3 9734
2 5622
5
6
2 -1995
1 -1995
5
6
6
2 -3104
3 -3104
2 -4574
6
3 -4574
2 7243
3 7243
2 448
6
5
2 -2895
2 1739
5
5
2 -5917
2 4505
6
3 4505
4
2 6215
6
4
2 1575
2 -3658
3 1575
3 -3658
2 659
1 -1778
1 659
3 659
2 -845
3 -845
6
2 -3940
2 4683
5
4
6
6
2 1870
2 551
2 4656
4
5
5
2 7824
3 7824
2 6306
6
1 6306
6
3 6306
2 5851
3 5851
2 8625
6
3 8625
2 5994
3 5994
2 5773
2 7630
4
3 7630
2 -7268
1 -8259
3 -7268
2 9891
5
2 -7954
4
2 -1180
5
2 2533
3 2533
2 -1582
5
2 -6710
4
2 2049
6
6
3 2049
2 -8799
5
6
2 1175
4
2 -1964
6
1 -1964
5
6
2 8462
4
2 -2022
2 3057
4
3 3057
2 -7014
2 8
4
4
2 -2308
2 3420
5
2 5480
5
3 -2308
2 -5742
1 -5742
3 -5742
2 7851
2 5264
1 5264
2 -4191
6
1 418
1 -1518
6
5
2 2778
5
6
5
2 7598
6
3 -4191
3 7598
2 -9306
2 2179
5
4
2 -5618
5
2 -9127
1 -400
3 -9127
2 -6568
4
2 9886
6
2 -4823
1 3216
1 9886
2 -9726
3 -9726
3 -4823
3 9886
2 7629
1 -7183
1 7629
1 7629
6
4
2 -6027
5
2 -4332
2 3088
1 -9939
1 4234
5
5
2 -3031
5
2 -1879
4
2 4827
4
2 -5263
5
6
2 -8649
5
2 9274
1 -1957
5
2 -3900
1 8655
5
2 796
2 1168
2 9623
2 -9630
2 -2112
6
5
4
6
3 1168
6
6
4
4
6
2 -7600
3 -7600
2 7030
5
2 -8021
4
6
2 -5626
2 5058
5
3 -5626
6
2 -9158
2 -4842
6
1 -4842
2 9890
1 -9158
3 9890
4
1 3094
3 -4842
2 -7045
4
2 -8818
5
2 -1233
2 -1146
5
6
4
2 -4718
3 -4718
2 923
6
4
2 1020
2 4255
4
2 -6791
3 -6791
4
2 3805
3 3805
2 5071
6
4
6
2 -3102
5
6
2 9614
1 6971
6
6
6
2 5697
6
3 9614
5
2 -4713
1 -4713
5
6
6
2 -7680
5
2 6342
3 6342
2 -8338
2 -6660
1 8436
3 -8338
4
2 -772
6
1 -772
2 -3943
4
6
5
2 -935
2 314
4
5
2 9471
1 5501
5
2 276
1 276
1 276
6
4
2 6750
3 6750
6
2 -4839
3 -4839
2 -1006
1 -1006
2 -8195
3 -8195
4
2 -9486
3 -9486
2 -422
5
6
6
2 -7896
6
4
2 -5307
6
5
2 -7393
5
6
2 3060
1 -4158
4
2 6600
3 6600
2 -892
6
3 -892
2 -5193
3 -5193
2 -6984
2 -9688
5
6
1 -9688
3 -9688
6
2 -4433
2 8719
6
4
3 8719
6
2 -3192
2 5334
2 -7353
4
4
4
2 -4033
1 5298
1 -4033
6
1 -4033
2 -6762
2 -5954
6
1 -5954
1 6088
1 7376
2 3008
2 13
4
2 -2722
3 -4033
3 -5954
3 3008
6
6
5
3 -2722
2 699
1 699
5
2 -2754
3 -2754
2 -9154
6
2 3386
3 3386
4
2 -1944
5
2 -5696
4
2 9429
4
2 -10000
1 1584
5
2 -8907
5
2 -9020
5
2 -6364
5
2 1206
5
2 1058
5
6
6
2 -8122
1 -8122
2 -7636
4
6
3 -7636
2 493
1 4499
1 493
1 493
6
4
2 -1587
2 -2969
2 -6149
4
3 -1587
4
2 7708
6
5
2 -5616
1 -5616
1 -4752
1 -5616
5
2 -7636
6
6
1 -7636
5
2 -3103
3 -3103
2 6128
2 3907
6
1 6128
5
5
2 -9246
5
2 -3460
2 5518
4
2 -3817
2 -262
1 4178
2 -4709
5
4
3 -3817
4
2 -7135
6
4
2 9129
5
6
2 7405
3 7405
2 7696
2 -7014
4
5
2 6099
6
6
2 8826
3 6099
1 8826
2 -3313
6
5
1 -3313
1 -3313
6
6
2 5077
6
3 -3313
6
3 5077
6
2 -3817
3 -3817
2 -1867
6
5
2 5281
6
4
2 4857
6
1 4857
2 3284
5
4
2 5424
4
6
2 918
1 918
1 -1513
2 -4872
3 918
4
2 8651
2 -9923
4
5
2 -4397
3 -4397
2 5163
3 5163
2 -1347
2 -7038
6
4
6
4
2 -404
2 -8575
4
3 -404
2 8314
1 8314
3 8314
2 -5343
3 -5343
6
2 9742
4
2 5491
5
2 5760
5
2 2273
3 2273
2 4149
1 4149
1 -9217
4
2 3369
3 3369
6
2 -5354
3 -5354
2 -9657
4
2 6344
2 -5705
4
2 -4790
2 890
4
5
4
6
2 743
6
2 5648
6
1 743
2 2812
2 4748
4
6
2 -628
2 2729
5
6
1 2729
5
1 -9283
5
3 -628
3 2729
6
2 -6636
1 9267
4
2 -2374
6
3 -2374
2 9258
4
2 1083
6
3 1083
2 2964
3 2964
2 -9100
2 -4996
4
4
2 6285
6
5
2 -4396
1 -2651
1 -4396
6
3 -4396
2 4828
2 -9430
2 3057
2 -9534
2 -6867
2 -9353
3 3057
4
5
2 -8542
4
1 1512
3 -9353
5
2 -7889
5
5
2 272
3 272
6
2 -6791
4
2 -8272
2 6622
3 6622
4
6
6
2 6498
4
6
2 4388
6
6
6
4
6
2 -3476
3 -3476
6
2 874
4
2 7941
4
2 -6489
2 -2039
3 -2039
4
2 -7842
4
2 8026
5
2 8740
5
2 643
3 643
2 9574
6
6
3 9574
2 4323
1 -1749
6
6
5
2 -3633
6
6
5
2 1492
1 -9699
6
2 -201
3 1492
2 -9456
2 -8893
2 -6530
5
6
1 2656
4
3 -6530
3 -8893
2 6985
4
2 -2801
2 -2009
4
5
2 4658
3 4658
2 4205
1 2086
3 4205
2 -5583
2 2834
3 -5583
3 2834
2 538
1 538
5
2 4872
5
2 7820
1 7820
3 7820
2 -128
5
2 -543
3 -543
2 -9207
5
2 -2168
2 6526
2 -9130
2 9089
6
6
2 226
1 226
5
5
6
1 226
5
4
6
4
2 -9945
5
2 3067
4
2 8079
3 8079
2 -6235
1 7481
4
6
6
2 7858
6
5
2 -6131
1 -6131
4
6
2 9740
3 9740
2 -221
3 -221
2 -8767
5
6
2 4938
2 6248
1 6248
3 6248
4
6
2 2396
4
2 -8988
6
3 -8988
2 -9408
2 4392
5
2 3967
6
6
5
2 6764
1 -9408
6
4
3 6764
2 -5341
2 -8599
1 -1421
5
2 800
4
5
2 3231
4
2 4580
2 1822
5
5
2 -6725
1 -9692
3 -6725
2 -5547
6
2 7626
6
4
3 7626
2 -1109
1 -1109
5
2 8770
2 -4182
5
4
2 9119
3 9119
6
2 4875
4
2 -8086
5
2 -2573
5
2 8715
1 8715
6
1 9265
4
2 6466
6
1 6466
5
2 -9470
2 -1474
6
6
1 -6129
1 -3116
3 -1474
4
2 -4365
1 -4365
5
2 -722
3 -722
2 8321
6
4
6
2 3667
4
2 -276
4
6
2 -4695
1 6357
1 -4695
1 -3255
3 -4695
2 -9746
4
2 6524
6
4
2 -1197
1 -1197
2 -732
3 -1197
6
1 1468
3 -732
2 7240
1 4351
4
2 -8583
1 -8583
4
6
6
6
2 -8789
3 -8789
2 -4001
6
3 -4001
2 2185
3 2185
2 -2966
3 -2966
2 741
3 741
2 205
2 5215
3 205
5
2 7437
3 7437
2 7669
3 7669
6
6
2 3271
4
2 -1501
4
2 -3659
1 -3659
5
2 1826
4
6
2 -9755
4
2 9565
3 9565
6
6
2 299
3 299
2 6151
3 6151
2 3829
4
2 -2616
4
2 -1359
4
2 -5013
4
6
2 -4323
2 2394
2 -5505
5
5
1 -5505
6
6
2 7191
3 -5505
2 2262
6
5
4
2 8163
1 8163
6
5
2 4937
5
2 8406
2 2233
2 -4646
2 5941
2 -2286
4
5
1 -6670
3 2233
1 -2286
2 8477
1 -5810
1 -2286
4
1 2330
4
6
1 8477
1 8477
6
1 8477
4
6
2 7051
3 7051
2 1201
3 1201
2 5078
5
2 -664
4
2 1143
4
6
2 -3236
4
2 7090
3 7090
2 4951
5
2 -7905
5
2 7871
2 -1554
2 -7648
6
4
5
5
2 7570
3 7570
6
2 -6151
3 -6151
2 -1965
1 -1297
2 1568
6
1 5948
6
1 -866
5
5
2 -1659
4
2 -6986
2 -3937
6
1 9369
1 -6986
5
1 -976
6
1 -6986
5
2 -562
5
6
2 -1672
2 -7290
1 -7290
5
5
2 -9610
3 -9610
2 -6363
1 -248
1 -6363
5
2 -8386
6
2 -5441
2 3480
6
1 3480
4
2 -9185
2 -9953
5
6
1 4291
5
3 -9953
2 -2860
4
2 1131
1 4756
2 -5809
5
3 -2860
3 -5809
2 6539
6
4
2 -707
4
6
2 5965
4
2 9781
4
2 -6077
6
6
5
2 3079
4
2 -3772
5
2 3957
5
2 873
2 2372
2 7257
1 -9871
3 2372
4
3 7257
2 -9202
5
6
2 -7157
4
6
2 7883
4
2 4390
6
6
3 4390
2 2888
4
2 -410
4
2 -4190
4
2 -4291
2 3215
2 -1470
1 3215
2 -817
4
1 3215
1 -1470
4
5
4
2 5677
3 5677
2 8954
2 1239
4
6
6
5
6
2 5070
4
2 1717
5
2 -9949
3 -9949
2 -2336
5
6
2 8288
5
2 125
3 125
2 5290
3 5290
6
6
2 -557
6
3 -557
2 -6246
2 -9467
2 7
3 -9467
6
5
6
1 -6246
3 -6246
2 -3913
5
6
2 8204
3 8204
2 -8712
2 -2176
3 -8712
1 -2176
3 -2176
2 2142
6
1 2142
4
6
2 -5372
4
2 6994
1 -9692
4
2 3070
5
2 2552
5
2 -6638
4
6
2 -6049
1 -6049
2 1861
3 1861
2 -4996
5
6
2 -2615
5
1 1893
4
2 3184
2 2170
6
4
5
2 6520
3 6520
2 2841
6
1 -7155
2 -5511
4
1 -8493
3 2841
2 6147
4
2 -8078
2 4615
4
5
2 8483
4
2 -9696
3 -9696
2 1598
3 1598
6
6
6
2 -8820
5
6
2 3297
4
2 4289
4
2 4677
1 4645
2 -4153
2 4261
5
4
6
6
4
6
2 -7328
6
3 -7328
2 -2863
4
2 8086
4
6
6
6
2 -1287
6
1 7074
3 -1287
6
2 -3526
1 -3526
2 -9176
5
5
2 2500
2 9834
3 2500
2 6481
4
1 -6254
4
2 -8604
6
2 7601
6
1 -5608
1 -8604
3 7601
4
6
2 1749
1 1749
6
1 -7799
2 9871
1 -2076
4
3 9871
2 5315
4
2 -4367
3 -4367
6
2 1021
1 1021
3 1021
2 1784
4
2 3989
5
2 5484
5
2 1794
3 1794
2 1060
3 1060
2 6608
5
2 -562
2 1912
1 -562
1 3979
3 1912
4
2 2434
2 -5808
5
6
2 -5682
4
4
2 -7660
2 -8043
5
3 -8043
2 -9965
2 -8671
5
3 -9965
6
2 8612
2 7143
4
6
6
3 8612
2 4647
6
4
2 4477
1 4477
4
2 2827
6
1 2827
4
2 9365
5
2 -6130
2 5026
1 238
1 5026
5
2 -5861
3 -5861
6
4
2 9070
3 9070
2 -3386
4
2 4198
2 3780
1 4198
2 5052
6
1 8565
6
6
5
5
3 3780
2 -2420
4
2 -8733
3 -8733
2 4019
2 -9999
6
3 4019
4
2 -3001
5
2 3566
1 2015
2 -5357
4
2 -2488
4
1 -3059
5
2 -3894
4
2 -8147
3 -8147
2 -5342
1 -5342
1 -5342
1 -5342
2 -1693
4
4
2 -1848
5
2 -4506
3 -4506
2 8413
3 8413
2 -768
4
2 3798
3 3798
2 -3238
4
6
2 8148
5
2 2952
3 2952
2 6073
2 -122
1 -122
3 6073
6
5
2 2340
1 9192
4
2 1829
6
3 1829
2 -6576
5
2 6291
5
2 1725
6
5
2 9206
3 9206
2 -4658
5
2 9804
3 9804
2 3474
3 3474
6
2 8708
2 -5141
4
1 8708
6
6
2 168
3 8708
3 168
2 -6909
2 -5752
2 9915
6
2 -2752
4
4
3 -2752
6
3 9915
2 8871
6
3 8871
2 -3042
4
2 -7630
2 7028
3 7028
4
2 4378
1 4378
5
2 0
4
6
2 1937
3 1937
2 8505
2 -6447
1 8505
1 2695
3 8505
1 -6447
5
2 9874
4
2 -5486
3 -5486
2 18
4
2 105
6
1 -6172
5
2 -8321
3 -8321
2 -2199
2 -7222
5
2 -6010
6
5
4
2 1612
5
6
6
2 111
3 111
6
6
2 -2553
4
2 9430
6
2 5709
4
2 4258
3 4258
4
2 7254
1 7254
2 8507
2 4545
3 7254
3 4545
6
4
2 -4008
4
2 -6743
6
2 -4005
5
1 1583
6
6
1 -6743
5
2 -8316
1 -2086
4
2 7560
6
4
6
2 8957
3 8957
2 -4873
3 -4873
6
2 6482
2 988
3 6482
3 988
2 5904
2 -6899
4
2 -9284
4
2 9578
1 8460
4
3 9578
2 -9261
4
2 3452
4
2 3518
6
4
2 -9183
1 -9183
2 -2320
5
2 2372
6
6
3 2372
3 -9183
2 -1292
5
2 -9389
6
6
5
2 -8031
1 -8031
6
6
4
2 7609
4
2 9175
6
2 -9124
6
6
1 -9124
5
4
2 3870
3 3870
2 1462
5
2 242
5
2 -6266
2 4309
4
1 4309
4
2 8281
5
2 2955
1 9108
1 4282
5
2 -9673
4
2 1471
2 3016
4
2 -3624
1 -894
4
2 3283
6
2 7186
6
5
3 3283
5
2 4154
6
6
4
2 -3155
4
2 8373
6
3 8373
2 -7209
4
2 5120
2 -9358
4
5
2 2575
2 8857
3 8857
5
2 -6184
2 5736
2 7888
3 -6184
1 5736
6
3 7888
2 -4797
2 -5980
5
2 1197
6
5
1 5062
6
6
6
3 -4797
3 -5980
2 -8510
1 -8510
3 -8510
2 -9004
3 -9004
2 -2070
2 9362
4
5
6
2 -7026
6
3 -7026
2 -9230
6
1 5218
5
2 -1469
6
5
2 9612
6
4
6
2 4076
3 4076
2 2882
2 -9676
5
5
2 9353
5
6
2 -1046
5
2 3235
2 -4119
6
2 -8198
3 3235
2 5594
5
1 5518
6
4
1 -3826
5
2 -5023
3 -5023
2 2759
2 582
2 -9970
2 4949
1 -9970
2 1805
6
1 -9970
4
6
3 582
6
2 -7925
1 5742
4
1 -8202
4
5
1 2759
5
2 -6277
3 -6277
2 -1252
5
2 -9500
4
2 -4079
1 -4079
5
2 3314
5
6
2 4884
5
2 -1411
5
6
2 5380
6
3 5380
2 2223
6
3 2223
2 1747
3 1747
2 9816
4
2 8094
6
3 8094
2 5406
4
2 8335
6
2 -8325
5
4
2 -1824
4
2 1989
3 1989
2 1703
6
3 1703
2 -3747
2 7879
3 7879
4
2 -2177
2 -7845
2 2400
5
2 -24
5
1 3321
5
5
2 5519
1 5519
6
2 -4870
5
5
2 -6204
5
2 5991
3 5991
2 4006
3 4006
2 -9153
1 -9153
6
5
2 4571
2 -9836
1 -7793
6
1 -1203
4
3 4571
2 -3275
2 -737
1 28
1 -3275
4
5
2 -7656
2 7973
1 -7656
1 -9656
4
1 -8736
3 7973
2 -3497
3 -3497
2 -2497
6
6
6
5
2 9451
4
2 -4748
5
2 1743
5
2 -2923
1 2469
3 -2923
2 9291
5
6
2 -8054
3 -8054
6
2 6654
2 -5869
5
2 -289
6
5
5
2 -9387
2 -888
4
6
1 8486
4
6
2 -8032
5
6
6
2 -4421
4
2 2768
4
2 3659
6
6
2 8944
3 3659
1 -3903
1 8944
2 -9858
1 8944
3 -9858
6
1 8944
5
2 -5588
2 7036
2 -5745
5
5
3 -5745
2 -9311
2 -2533
3 -2533
2 -4601
5
2 6900
2 6336
4
5
3 6336
2 2353
4
2 -9668
1 -9668
2 -8982
1 4470
5
6
2 -7449
4
4
2 -6657
1 -6657
5
2 4016
3 4016
6
6
2 -9217
5
2 8010
2 1279
2 6915
1 4218
6
4
2 881
1 7897
1 881
5
2 4603
2 1541
5
1 4603
2 -8809
2 -1386
2 2966
4
5
3 881
3 1541
3 -1386
4
2 -5699
2 -8312
5
4
2 7334
4
2 -5105
6
3 -5105
2 -9621
2 -9075
3 -9621
4
2 -731
1 -9829
4
2 -3751
1 -3751
2 -2302
2 9294
5
6
3 -3751
2 1604
6
1 -2302
6
1 -2302
2 -2028
5
4
2 3729
2 -431
5
4
4
2 6856
1 4703
5
2 -2346
2 4386
6
1 4016
2 9653
1 9653
3 9653
6
5
2 7245
3 7245
4
6
2 -8671
3 -8671
2 4889
3 4889
2 -1406
1 -1406
3 -1406
2 7140
4
2 -5911
5
2 7467
4
2 4913
2 2223
3 4913
2 -4073
6
5
1 -8034
1 -4073
2 -6668
1 -4073
4
6
2 -9319
3 -4073
3 -9319
2 7323
1 7323
3 7323
2 5657
4
2 2213
4
2 8600
1 8600
4
2 -3750
5
2 -191
5
2 -7080
4
6
2 869
5
2 -4511
1 7763
6
5
2 -2047
1 -2047
3 -2047
2 -7604
5
2 5348
6
2 4514
1 4514
3 5348
1 5249
3 4514
2 3175
3 3175
2 7901
1 -3718
5
2 3653
3 3653
2 8947
3 8947
2 2398
3 2398
2 -5889
1 -549
6
4
2 -9539
6
1 9808
1 -9539
4
2 3175
6
3 3175
2 3909
3 3909
6
2 9510
3 9510
2 2964
3 2964
2 3870
5
2 5512
5
2 6144
3 6144
2 -250
6
4
2 -1272
6
1 -2655
4
2 -3260
1 -6001
6
1 -3260
5
2 6356
3 6356
2 -7846
3 -7846
2 2503
6
4
2 -8761
5
2 -7679
1 -7679
1 -6184
4
2 -8307
2 -4636
5
6
2 4653
4
4
2 7333
4
2 -1621
6
3 -1621
2 290
1 -7802
2 -4712
1 -5066
5
4
2 925
1739 8994 -7242 -5819 9159 7444 5820 -9333 9305 9137 3406 -4075 7742 9393 2429 9161 3386 -1270 5791 -2909 7008 8574 1260 4128 -7649 -6514 2745 -7553 2819 8952 231 -2234 -5618 -8136 4332 9946 -584 173 4189 -9689 512 -8547 -4653 -6518 1717 -3749 -4179 8778 4448 -8081 -3603 -5107 -5786 5743 -9294 -2014 2241 935 -3355 -9839 -7402 2778 4977 9997 -7979 -8342 7346 7250 5276 2017 -4718 5691 5091 -9360 7025 -4622 -4524 1160 -6204 7980 1532 -5009 6740 2982 -5520 -4065 4130 9953 4035 2204 3332 -634 -1038 -6817 -3493 -6599 6417 -6065 4771 -6778
6
5
1 -6204
6
2 -6891
6
1 -2014
2 -8830
6
1 -8846
3 -6599
5
6
2 8229
3 -5009
2 -2401
5
2 -3933
6
5
2 -9495
4
4
4
5
1 6775
2 8351
5
5
6
3 4977
3 4130
5
1 -3493
5
4
5
2 1079
4
1 -6778
6
4
5
6
3 231
1 6740
6
4
2 6729
1 -9605
1 -1930
1 -3168
5
6
3 7008
5
5
3 -2401
2 6174
6
6
6
3 -3933
6
5
6
2 -6459
1 -3603
5
5
5
5
3 4035
2 -1519
6
2 -6953
4
4
2 -2235
3 -4718
5
1 5276
3 5091
4
6
2 1610
4
5
2 9571
5
3 2017
6
2 -7492
6
6
4
4
6
2 -7714
3 4448
5
5
2 5412
5
4
4
3 -4179
3 -4075
4
6
2 1126
5
2 3788
5
2 -4760
3 1260
1 -1519
2 -5523
4
3 1160
4
3 4189
3 -634
6
1 -5523
6
1 -5523
5
6
1 7728
5
5
6
6
6
3 -6817
4
5
5
4
5
4
6
2 -5783
6
4
5
5
3 -6204
5
2 2153
4
1 -5107
1 2819
4
6
2 1330
5
1 -2235
5
4
1 5766
1 -5520
1 6950
4
1 935
3 2241
5
6
4
6
3 935
1 6912
4
6
2 4883
4
6
1 -3603
1 -6939
4
4
1 2429
5
2 5544
1 1610
2 -3543
3 -2014
3 -3603
3 -3355
1 6331
4
1 5544
1 4076
2 -6592
1 7342
3 173
1 337
2 -2488
3 1532
4
6
1 9862
4
3 -4524
2 3849
5
5
2 -1395
4
6
1 -6068
1 7534
4
2 3357
6
4
3 1079
5
5
6
2 -5179
2 -5430
1 -1395
5
2 2830
4
2 -3577
4
5
6
3 1126
5
4
5
5
4
6
6
1 -1588
6
6
4
5
2 8719
4
6
4
6
5
3 1330
3 -1038
5
1 -1270
5
1 -1731
6
3 -1519
6
5
2 6191
3 -1395
3 -1270
5
3 512
1 -2234
1 -2192
5
6
2 -1782
5
2 7295
2 5226
2 5148
6
1 5686
5
5
4
1 -6742
6
4
1 -9304
6
5
2 5647
6
3 -2234
1 -4747
4
2 -2820
6
6
6
5
2 -3442
1 -3203
4
2 -8667
4
2 -858
5
6
2 -4173
1 -4173
2 -6167
3 -6167
2 -7178
4
2 -7994
2 4349
2 5285
6
2 -7700
3 -7700
2 604
1 604
5
5
1 -7994
6
1 9432
4
5
5
2 -7217
2 -951
4
6
6
3 -951
2 -3726
4
2 -2469
3 -2469
2 3136
1 -2391
4
6
2 6138
6
2 -9480
6
5
4
6
2 -4265
2 3690
6
4
5
2 6464
4
2 1252
4
2 6882
4
6
2 4629
3 4629
6
2 2701
1 2701
6
5
2 -2962
6
4
6
2 4240
4
2 -3676
6
1 -2117
5
2 4094
5
6
2 -4179
1 -4179
6
4
2 554
2 7927
4
1 -8566
2 -6887
6
2 4194
2 -4650
5
3 4194
6
3 -6887
1 1210
2 -4086
3 -4086
2 -5887
3 -4650
3 -5887
2 7902
3 7902
6
2 -7679
4
2 114
3 114
2 -5292
4
2 1643
3 1643
2 2005
3 2005
6
2 4707
1 4707
1 -8981
6
3 4707
2 2760
6
6
2 -2351
6
5
5
2 -9190
4
2 2732
5
2 -1308
3 -1308
2 -1630
3 -1630
6
2 -8769
5
2 4681
1 4681
1 9178
5
2 9776
4
2 -540
1 -7115
2 221
2 -5903
2 -8845
2 -2366
5
4
2 3210
4
4
4
3 3210
2 -5442
3 -5442
2 7400
1 9157
1 7400
4
2 1305
6
4
2 9782
2 -1577
1 -1147
3 9782
5
2 998
2 3355
3 998
1 -7456
2 -6885
6
6
5
4
6
2 -6847
4
6
2 -624
6
4
6
2 3124
4
2 7469
4
2 4035
5
6
6
2 7602
6
6
5
2 -6031
4
2 4941
1 -9186
2 4128
6
2 -4871
5
2 -6938
5
2 -9028
4
2 2483
6
4
1 2483
2 -6600
4
3 2483
5
6
2 6610
2 3868
2 7988
2 2818
3 6610
3 3868
6
2 -4390
6
3 7988
3 -4390
2 -548
5
5
2 5003
6
3 5003
6
2 -4866
2 8165
6
6
3 8165
5
6
2 6758
6
4
2 5888
5
6
2 6422
3 6422
2 2172
5
2 5054
2 6658
3 6658
1 -929
4
2 5285
5
2 -4380
3 -4380
2 5068
4
2 9100
5
6
2 -1485
1 -1485
5
2 -9041
6
3 -9041
2 9263
3 9263
2 6538
2 7655
3 7655
5
2 -3841
4
6
2 9534
1 9534
5
2 -2956
3 -2956
2 2007
5
2 -6274
5
2 528
4
2 -3424
6
1 6393
1 1440
1 -5859
3 -3424
6
2 9638
1 9638
5
6
2 -7421
4
2 -3906
6
1 -3906
3 -3906
2 -5360
2 6993
5
6
3 -5360
6
2 -9378
2 -6829
4
6
1 -4073
2 -6444
4
2 5579
4
6
1 5579
5
2 -4589
3 -4589
2 -1436
2 8906
1 -1436
1 8906
1 1754
6
5
6
6
3 -1436
6
2 2060
4
2 -102
1 -5986
1 6603
1 -102
1 -102
1 -102
6
5
2 -3315
1 -3315
5
2 -2525
5
2 -7674
5
2 -8452
4
2 6039
5
6
2 -6293
5
2 -1585
5
2 2760
4
2 4715
5
2 5449
5
2 2261
3 2261
2 8247
4
2 1421
5
2 -2487
2 3929
3 -2487
3 3929
2 5086
3 5086
2 -5330
4
2 -4540
4
2 -2138
3 -2138
2 -5089
6
6
5
2 -5987
1 6674
5
2 6204
4
2 8411
3 8411
2 -3535
2 -5597
6
3 -3535
4
2 -2834
2 155
3 155
6
4
6
2 9969
5
2 -749
3 -749
6
2 -5517
4
2 -9058
1 -1958
6
3 -9058
2 -758
3 -758
2 -3264
5
2 6332
1 6332
2 -8624
5
3 -8624
6
2 9380
4
2 -3604
5
2 4009
2 2481
6
1 2481
3 2481
5
2 -302
5
2 1870
3 1870
2 763
5
6
2 9853
4
2 6789
5
2 -5137
6
3 -5137
2 -4221
3 -4221
2 5606
5
2 2706
5
2 -6678
1 -6678
5
2 9455
2 -1395
6
2 -181
6
6
6
6
1 -1395
6
2 -9659
2 1341
4
4
2 -2483
6
2 -3047
2 -6822
3 -6822
6
4
5
6
5
6
5
6
3 -2483
2 200
2 2838
3 2838
6
6
6
3 200
2 -1928
5
2 7391
6
6
6
2 5093
6
4
5
2 1101
2 -9406
1 6986
1 -766
1 -9406
4
4
2 8811
1 8811
4
2 -8668
3 -8668
2 2061
1 2061
2 -1218
1 -1218
5
2 -4781
4
4
2 9718
6
2 -7345
3 9718
5
2 7737
3 7737
6
2 9437
6
5
6
2 -4915
5
2 -8949
1 -8949
2 8041
5
6
1 -4740
4
6
2 482
4
2 2997
6
3 2997
2 9090
1 9090
2 -4299
3 -4299
5
2 108
3 108
2 -9494
2 -1772
2 5661
5
6
4
4
2 2366
3 2366
2 6757
5
2 -9192
5
6
2 -662
1 -662
1 -1043
6
3 -662
2 -3717
4
2 -9749
2 3474
6
4
6
2 -2918
3 3474
2 -6435
3 -6435
5
6
2 2213
6
2 9309
5
2 -5935
2 8303
4
6
6
6
6
6
6
2 994
6
6
3 8303
1 2213
2 -2298
4
6
5
3 994
6
2 2084
2 -3324
6
6
6
4
6
5
2 -6522
1 -6522
6
2 -9662
4
4
2 -3514
1 -3514
5
6
2 7557
5
6
2 6107
5
2 -6786
5
2 -9251
2 5882
5
5
2 -5696
3 -5696
6
2 979
3 979
2 -5950
4
6
2 7414
1 7414
2 8909
2 -4410
2 -102
3 -4410
3 7414
6
4
4
2 3488
5
6
2 527
2 -4562
6
3 -4562
5
2 3053
3 3053
2 7088
4
2 -6384
6
2 9515
4
1 3640
1 9515
2 7495
2 1121
3 9515
4
5
2 8249
1 7849
5
2 -3564
4
2 -4185
6
1 -4185
1 -4185
6
1 -4185
2 5858
1 -7626
1 5189
1 5858
3 -4185
2 3501
2 5133
1 5858
1 5133
1 -1634
3 3501
6
4
2 -3296
2 7147
6
4
2 -4763
4
3 5858
2 -6373
4
3 7147
2 -2021
4
2 -3305
2 2623
1 8125
4
3 2623
2 6317
1 3171
3 6317
2 9425
6
2 -2945
1 1535
6
6
5
1 7071
1 -2945
1 -8090
3 -2945
2 946
3 946
2 1684
1 1684
4
2 -5182
2 -2077
1 -4364
4
4
2 8931
4
2 7943
2 914
2 -4461
4
2 -7699
5
4
6
2 -5462
1 -1306
4
5
2 -2470
2 -8393
3 -2470
5
2 7621
4
2 -9096
2 7112
5
1 -9096
1 -9096
1 2832
1 1795
5
2 -7140
3 -7140
2 -5440
2 8696
2 2697
1 6591
3 -5440
2 7382
4
2 4412
3 8696
3 4412
1 3983
6
5
2 9433
6
5
2 7607
2 -7314
4
4
2 -862
4
2 8228
1 2939
6
2 4623
4
3 8228
2 -731
4
2 -4917
4
2 -9612
5
2 -1023
6
6
6
3 -1023
2 469
6
3 469
2 -1361
6
2 -1816
3 -1816
5
2 3027
2 -8522
5
3 -8522
2 -8483
5
6
2 8583
4
6
6
2 -2669
5
2 661
4
2 2787
4
2 8294
3 8294
2 -3560
5
2 7179
2 2244
3 2244
6
6
2 53
5
3 53
2 -958
5
2 -9793
1 -8332
1 8254
5
2 3677
1 3677
4
2 9673
6
2 -8935
2 -9840
4
1 9673
3 -8935
3 9673
2 2188
1 1396
2 5000
1 5000
4
3 5000
2 -1711
4
2 -1353
4
2 -7352
4
2 -6839
1 -6839
5
6
6
2 -7396
1 -7396
2 5059
3 5059
4
6
6
2 4840
4
6
6
2 -8239
1 -8239
3 -8239
2 -6577
3 -6577
6
2 -7208
6
4
2 8802
3 8802
2 -4548
6
4
2 408
3 408
2 -6299
5
2 9829
4
2 -2700
4
2 -4050
2 6316
3 6316
3 -4050
2 -5254
1 -5254
2 4683
2 3336
3 4683
3 -5254
1 -7589
2 -3377
2 7482
1 7482
1 -3377
1 3336
4
5
2 -1347
3 -1347
2 740
6
4
6
1 3336
1 3336
6
6
3 3336
2 -415
4
2 9781
2 -7268
6
3 -7268
3 9781
2 -9693
1 1048
3 -9693
6
2 -8072
1 -8072
2 4832
1 1019
4
6
4
2 4101
4
2 -9929
1 -9929
3 -9929
2 8061
6
5
2 -8522
1 -8522
5
2 6483
1 6483
1 6483
2 5392
5
4
6
2 -269
5
2 -4995
4
2 9438
1 1708
1 3608
2 -750
5
6
6
1 -750
2 -5782
5
1 -5782
5
2 -6492
2 -2212
3 -6492
4
2 6159
1 -5471
3 6159
2 6862
4
2 6358
3 6358
2 4932
5
2 494
5
2 8558
2 413
3 8558
1 413
5
6
2 -2958
6
1 2563
3 -2958
6
6
2 -9280
1 -9280
5
2 -5255
2 8559
5
3 -5255
2 6211
5
2 7984
2 6882
6
6
6
5
1 6882
4
2 -435
2 -890
1 3450
6
4
1 -435
1 -4650
6
1 -6031
5
2 9464
6
2 64
4
5
2 -7068
4
2 -4464
5
6
2 -9337
1 -9337
1 -9751
6
2 9268
1 -9337
2 488
5
3 -9337
4
2 6851
2 3231
5
4
2 3081
5
2 -2713
6
4
2 6031
5
2 8958
3 8958
2 6639
6
3 6639
2 -1384
1 -4828
1 4390
6
6
2 -7129
2 -6312
2 6194
6
1 -1384
4
4
2 -2212
4
2 -920
5
2 -4131
5
6
1 -2672
2 -896
5
5
1 -4131
6
2 -5588
2 1835
1 -5588
3 -4131
2 -8045
6
3 -5588
5
5
2 1319
5
2 6130
3 6130
2 955
6
1 955
4
2 -957
1 1788
5
2 326
5
6
2 -5011
2 7735
6
1 7735
1 7735
1 7735
5
5
2 1902
5
2 9342
3 9342
6
2 -732
5
2 -5477
4
2 3299
4
2 8456
5
6
2 565
3 565
2 7456
4
2 -9024
6
3 -9024
2 -5709
6
5
2 3825
5
2 7362
3 7362
2 9781
3 9781
2 4362
4
2 -2349
3 -2349
2 -9849
3 -9849
6
2 6286
5
2 5845
6
4
2 8840
1 8840
5
2 -4271
4
2 7563
3 7563
2 -5770
4
2 3127
1 3127
2 -9182
2 3317
1 -8673
2 -6021
5
5
5
4
6
2 4517
6
6
5
2 -7114
2 -2005
3 -2005
2 -8705
5
1 -3471
3 -8705
2 2616
1 -9292
3 2616
2 -7783
1 -7783
3 -7783
2 -6929
5
2 3860
6
1 3860
3 3860
2 3965
2 -140
6
3 -140
1 4095
6
3 3965
6
2 4802
4
2 -7836
2 -5428
5
4
2 -2322
2 6791
3 -2322
1 -1799
4
2 6190
1 6190
1 6190
4
2 -445
1 -9441
1 -445
6
4
6
2 -5081
1 -8755
5
2 1067
5
2 -1246
4
2 -3016
2 -8163
6
1 -3016
1 -3016
4
3 -3016
2 -4476
3 -4476
6
2 5536
1 -9367
3 5536
2 7507
6
2 6847
1 6847
3 6847
3 7507
2 1567
3 1567
6
2 -5258
1 -5258
2 -758
5
1 -5258
3 -5258
6
2 -9769
1 7391
4
2 1930
2 6698
5
2 3650
1 1930
5
2 -8121
1 407
1 1930
5
4
2 -1686
6
2 9678
2 -7356
5
5
6
6
1 5665
6
4
2 -2185
3 -2185
2 -6016
5
2 8967
5
2 -8581
3 -8581
2 -6543
1 -6543
2 9854
2 -8707
1 3158
3 9854
6
1 -8707
5
1 -8549
5
2 1499
5
2 6338
5
2 -7431
4
2 -4496
1 7397
2 -9509
6
2 -2373
4
2 -7621
1 -7096
1 -7621
6
4
2 3479
1 -4496
6
3 -4496
4
2 7539
6
5
3 3479
2 2759
6
2 8662
2 489
2 4026
5
2 -1592
3 489
3 2759
1 -1592
5
1 -1592
4
2 -7865
1 -7865
1 -2847
4
2 -1654
1 2158
3 -1654
2 -5673
5
6
2 -7009
5
6
2 -8082
4
2 5371
6
4
2 2027
2 8724
6
1 -6697
6
2 -7463
1 -1112
1 2027
1 8542
4
3 8724
3 2027
2 5897
5
2 -6268
6
2 -628
5
3 -6268
2 7954
1 7954
2 7995
4
3 7995
2 -4409
6
6
1 3659
4
2 -3887
4
2 -4946
3 -4946
2 3572
5
2 -8695
3 -8695
2 54
5
2 983
6
2 -3728
3 983
6
5
2 3165
6
1 5644
2 -4391
4
1 -8387
5
2 7183
2 6120
3 6120
4
2 9033
3 9033
2 -7308
4
2 -8839
6
1 -5017
5
2 9643
3 9643
6
2 -9646
1 3577
1 -2390
3 -9646
2 5421
3 5421
2 -8502
6
4
2 5045
6
4
2 -1967
4
2 -8430
4
2 -8133
5
2 -6314
5
2 -837
5
2 1149
3 1149
2 3084
4
2 -4036
4
2 5021
5
2 -4894
4
2 -1454
4
2 9284
2 5033
4
1 9284
5
2 5301
3 5301
6
2 9056
4
2 -8579
4
2 2471
4
2 -9226
3 -9226
2 3575
4
2 -3128
6
6
5
2 -7521
5
2 1124
6
4
2 2504
5
6
2 7051
6
6
5
2 -525
3 -525
2 -5123
2 1331
2 -8200
5
5
5
2 -3112
3 -3112
2 9734
6
3 9734
2 5622
5
6
2 -1995
1 -1995
5
6
6
2 -3104
3 -3104
2 -4574
6
3 -4574
2 7243
3 7243
2 448
6
5
2 -2895
2 1739
5
5
2 -5917
2 4505
6
3 4505
4
2 6215
6
4
2 1575
2 -3658
3 1575
3 -3658
2 659
1 -1778
1 659
3 659
2 -845
3 -845
6
2 -3940
2 4683
5
4
6
6
2 1870
2 551
2 4656
4
5
5
2 7824
3 7824
2 6306
6
1 6306
6
3 6306
2 5851
3 5851
2 8625
6
3 8625
2 5994
3 5994
2 5773
2 7630
4
3 7630
2 -7268
1 -8259
3 -7268
2 9891
5
2 -7954
4
2 -1180
5
2 2533
3 2533
2 -1582
5
2 -6710
4
2 2049
6
6
3 2049
2 -8799
5
6
2 1175
4
2 -1964
6
1 -1964
5
6
2 8462
4
2 -2022
2 3057
4
3 3057
2 -7014
2 8
4
4
2 -2308
2 3420
5
2 5480
5
3 -2308
2 -5742
1 -5742
3 -5742
2 7851
2 5264
1 5264
2 -4191
6
1 418
1 -1518
6
5
2 2778
5
6
5
2 7598
6
3 -4191
3 7598
2 -9306
2 2179
5
4
2 -5618
5
2 -9127
1 -400
3 -9127
2 -6568
4
2 9886
6
2 -4823
1 3216
1 9886
2 -9726
3 -9726
3 -4823
3 9886
2 7629
1 -7183
1 7629
1 7629
6
4
2 -6027
5
2 -4332
2 3088
1 -9939
1 4234
5
5
2 -3031
5
2 -1879
4
2 4827
4
2 -5263
5
6
2 -8649
5
2 9274
1 -1957
5
2 -3900
1 8655
5
2 796
2 1168
2 9623
2 -9630
2 -2112
6
5
4
6
3 1168
6
6
4
4
6
2 -7600
3 -7600
2 7030
5
2 -8021
4
6
2 -5626
2 5058
5
3 -5626
6
2 -9158
2 -4842
6
1 -4842
2 9890
1 -9158
3 9890
4
1 3094
3 -4842
2 -7045
4
2 -8818
5
2 -1233
2 -1146
5
6
4
2 -4718
3 -4718
2 923
6
4
2 1020
2 4255
4
2 -6791
3 -6791
4
2 3805
3 3805
2 5071
6
4
6
2 -3102
5
6
2 9614
1 6971
6
6
6
2 5697
6
3 9614
5
2 -4713
1 -4713
5
6
6
2 -7680
5
2 6342
3 6342
2 -8338
2 -6660
1 8436
3 -8338
4
2 -772
6
1 -772
2 -3943
4
6
5
2 -935
2 314
4
5
2 9471
1 5501
5
2 276
1 276
1 276
6
4
2 6750
3 6750
6
2 -4839
3 -4839
2 -1006
1 -1006
2 -8195
3 -8195
4
2 -9486
3 -9486
2 -422
5
6
6
2 -7896
6
4
2 -5307
6
5
2 -7393
5
6
2 3060
1 -4158
4
2 6600
3 6600
2 -892
6
3 -892
2 -5193
3 -5193
2 -6984
2 -9688
5
6
1 -9688
3 -9688
6
2 -4433
2 8719
6
4
3 8719
6
2 -3192
2 5334
2 -7353
4
4
4
2 -4033
1 5298
1 -4033
6
1 -4033
2 -6762
2 -5954
6
1 -5954
1 6088
1 7376
2 3008
2 13
4
2 -2722
3 -4033
3 -5954
3 3008
6
6
5
3 -2722
2 699
1 699
5
2 -2754
3 -2754
2 -9154
6
2 3386
3 3386
4
2 -1944
5
2 -5696
4
2 9429
4
2 -10000
1 1584
5
2 -8907
5
2 -9020
5
2 -6364
5
2 1206
5
2 1058
5
6
6
2 -8122
1 -8122
2 -7636
4
6
3 -7636
2 493
1 4499
1 493
1 493
6
4
2 -1587
2 -2969
2 -6149
4
3 -1587
4
2 7708
6
5
2 -5616
1 -5616
1 -4752
1 -5616
5
2 -7636
6
6
1 -7636
5
2 -3103
3 -3103
2 6128
2 3907
6
1 6128
5
5
2 -9246
5
2 -3460
2 5518
4
2 -3817
2 -262
1 4178
2 -4709
5
4
3 -3817
4
2 -7135
6
4
2 9129
5
6
2 7405
3 7405
2 7696
2 -7014
4
5
2 6099
6
6
2 8826
3 6099
1 8826
2 -3313
6
5
1 -3313
1 -3313
6
6
2 5077
6
3 -3313
6
3 5077
6
2 -3817
3 -3817
2 -1867
6
5
2 5281
6
4
2 4857
6
1 4857
2 3284
5
4
2 5424
4
6
2 918
1 918
1 -1513
2 -4872
3 918
4
2 8651
2 -9923
4
5
2 -4397
3 -4397
2 5163
3 5163
2 -1347
2 -7038
6
4
6
4
2 -404
2 -8575
4
3 -404
2 8314
1 8314
3 8314
2 -5343
3 -5343
6
2 9742
4
2 5491
5
2 5760
5
2 2273
3 2273
2 4149
1 4149
1 -9217
4
2 3369
3 3369
6
2 -5354
3 -5354
2 -9657
4
2 6344
2 -5705
4
2 -4790
2 890
4
5
4
6
2 743
6
2 5648
6
1 743
2 2812
2 4748
4
6
2 -628
2 2729
5
6
1 2729
5
1 -9283
5
3 -628
3 2729
6
2 -6636
1 9267
4
2 -2374
6
3 -2374
2 9258
4
2 1083
6
3 1083
2 2964
3 2964
2 -9100
2 -4996
4
4
2 6285
6
5
2 -4396
1 -2651
1 -4396
6
3 -4396
2 4828
2 -9430
2 3057
2 -9534
2 -6867
2 -9353
3 3057
4
5
2 -8542
4
1 1512
3 -9353
5
2 -7889
5
5
2 272
3 272
6
2 -6791
4
2 -8272
2 6622
3 6622
4
6
6
2 6498
4
6
2 4388
6
6
6
4
6
2 -3476
3 -3476
6
2 874
4
2 7941
4
2 -6489
2 -2039
3 -2039
4
2 -7842
4
2 8026
5
2 8740
5
2 643
3 643
2 9574
6
6
3 9574
2 4323
1 -1749
6
6
5
2 -3633
6
6
5
2 1492
1 -9699
6
2 -201
3 1492
2 -9456
2 -8893
2 -6530
5
6
1 2656
4
3 -6530
3 -8893
2 6985
4
2 -2801
2 -2009
4
5
2 4658
3 4658
2 4205
1 2086
3 4205
2 -5583
2 2834
3 -5583
3 2834
2 538
1 538
5
2 4872
5
2 7820
1 7820
3 7820
2 -128
5
2 -543
3 -543
2 -9207
5
2 -2168
2 6526
2 -9130
2 9089
6
6
2 226
1 226
5
5
6
1 226
5
4
6
4
2 -9945
5
2 3067
4
2 8079
3 8079
2 -6235
1 7481
4
6
6
2 7858
6
5
2 -6131
1 -6131
4
6
2 9740
3 9740
2 -221
3 -221
2 -8767
5
6
2 4938
2 6248
1 6248
3 6248
4
6
2 2396
4
2 -8988
6
3 -8988
2 -9408
2 4392
5
2 3967
6
6
5
2 6764
1 -9408
6
4
3 6764
2 -5341
2 -8599
1 -1421
5
2 800
4
5
2 3231
4
2 4580
2 1822
5
5
2 -6725
1 -9692
3 -6725
2 -5547
6
2 7626
6
4
3 7626
2 -1109
1 -1109
5
2 8770
2 -4182
5
4
2 9119
3 9119
6
2 4875
4
2 -8086
5
2 -2573
5
2 8715
1 8715
6
1 9265
4
2 6466
6
1 6466
5
2 -9470
2 -1474
6
6
1 -6129
1 -3116
3 -1474
4
2 -4365
1 -4365
5
2 -722
3 -722
2 8321
6
4
6
2 3667
4
2 -276
4
6
2 -4695
1 6357
1 -4695
1 -3255
3 -4695
2 -9746
4
2 6524
6
4
2 -1197
1 -1197
2 -732
3 -1197
6
1 1468
3 -732
2 7240
1 4351
4
2 -8583
1 -8583
4
6
6
6
2 -8789
3 -8789
2 -4001
6
3 -4001
2 2185
3 2185
2 -2966
3 -2966
2 741
3 741
2 205
2 5215
3 205
5
2 7437
3 7437
2 7669
3 7669
6
6
2 3271
4
2 -1501
4
2 -3659
1 -3659
5
2 1826
4
6
2 -9755
4
2 9565
3 9565
6
6
2 299
3 299
2 6151
3 6151
2 3829
4
2 -2616
4
2 -1359
4
2 -5013
4
6
2 -4323
2 2394
2 -5505
5
5
1 -5505
6
6
2 7191
3 -5505
2 2262
6
5
4
2 8163
1 8163
6
5
2 4937
5
2 8406
2 2233
2 -4646
2 5941
2 -2286
4
5
1 -6670
3 2233
1 -2286
2 8477
1 -5810
1 -2286
4
1 2330
4
6
1 8477
1 8477
6
1 8477
4
6
2 7051
3 7051
2 1201
3 1201
2 5078
5
2 -664
4
2 1143
4
6
2 -3236
4
2 7090
3 7090
2 4951
5
2 -7905
5
2 7871
2 -1554
2 -7648
6
4
5
5
2 7570
3 7570
6
2 -6151
3 -6151
2 -1965
1 -1297
2 1568
6
1 5948
6
1 -866
5
5
2 -1659
4
2 -6986
2 -3937
6
1 9369
1 -6986
5
1 -976
6
1 -6986
5
2 -562
5
6
2 -1672
2 -7290
1 -7290
5
5
2 -9610
3 -9610
2 -6363
1 -248
1 -6363
5
2 -8386
6
2 -5441
2 3480
6
1 3480
4
2 -9185
2 -9953
5
6
1 4291
5
3 -9953
2 -2860
4
2 1131
1 4756
2 -5809
5
3 -2860
3 -5809
2 6539
6
4
2 -707
4
6
2 5965
4
2 9781
4
2 -6077
6
6
5
2 3079
4
2 -3772
5
2 3957
5
2 873
2 2372
2 7257
1 -9871
3 2372
4
3 7257
2 -9202
5
6
2 -7157
4
6
2 7883
4
2 4390
6
6
3 4390
2 2888
4
2 -410
4
2 -4190
4
2 -4291
2 3215
2 -1470
1 3215
2 -817
4
1 3215
1 -1470
4
5
4
2 5677
3 5677
2 8954
2 1239
4
6
6
5
6
2 5070
4
2 1717
5
2 -9949
3 -9949
2 -2336
5
6
2 8288
5
2 125
3 125
2 5290
3 5290
6
6
2 -557
6
3 -557
2 -6246
2 -9467
2 7
3 -9467
6
5
6
1 -6246
3 -6246
2 -3913
5
6
2 8204
3 8204
2 -8712
2 -2176
3 -8712
1 -2176
3 -2176
2 2142
6
1 2142
4
6
2 -5372
4
2 6994
1 -9692
4
2 3070
5
2 2552
5
2 -6638
4
6
2 -6049
1 -6049
2 1861
3 1861
2 -4996
5
6
2 -2615
5
1 1893
4
2 3184
2 2170
6
4
5
2 6520
3 6520
2 2841
6
1 -7155
2 -5511
4
1 -8493
3 2841
2 6147
4
2 -8078
2 4615
4
5
2 8483
4
2 -9696
3 -9696
2 1598
3 1598
6
6
6
2 -8820
5
6
2 3297
4
2 4289
4
2 4677
1 4645
2 -4153
2 4261
5
4
6
6
4
6
2 -7328
6
3 -7328
2 -2863
4
2 8086
4
6
6
6
2 -1287
6
1 7074
3 -1287
6
2 -3526
1 -3526
2 -9176
5
5
2 2500
2 9834
3 2500
2 6481
4
1 -6254
4
2 -8604
6
2 7601
6
1 -5608
1 -8604
3 7601
4
6
2 1749
1 1749
6
1 -7799
2 9871
1 -2076
4
3 9871
2 5315
4
2 -4367
3 -4367
6
2 1021
1 1021
3 1021
2 1784
4
2 3989
5
2 5484
5
2 1794
3 1794
2 1060
3 1060
2 6608
5
2 -562
2 1912
1 -562
1 3979
3 1912
4
2 2434
2 -5808
5
6
2 -5682
4
4
2 -7660
2 -8043
5
3 -8043
2 -9965
2 -8671
5
3 -9965
6
2 8612
2 7143
4
6
6
3 8612
2 4647
6
4
2 4477
1 4477
4
2 2827
6
1 2827
4
2 9365
5
2 -6130
2 5026
1 238
1 5026
5
2 -5861
3 -5861
6
4
2 9070
3 9070
2 -3386
4
2 4198
2 3780
1 4198
2 5052
6
1 8565
6
6
5
5
3 3780
2 -2420
4
2 -8733
3 -8733
2 4019
2 -9999
6
3 4019
4
2 -3001
5
2 3566
1 2015
2 -5357
4
2 -2488
4
1 -3059
5
2 -3894
4
2 -8147
3 -8147
2 -5342
1 -5342
1 -5342
1 -5342
2 -1693
4
4
2 -1848
5
2 -4506
3 -4506
2 8413
3 8413
2 -768
4
2 3798
3 3798
2 -3238
4
6
2 8148
5
2 2952
3 2952
2 6073
2 -122
1 -122
3 6073
6
5
2 2340
1 9192
4
2 1829
6
3 1829
2 -6576
5
2 6291
5
2 1725
6
5
2 9206
3 9206
2 -4658
5
2 9804
3 9804
2 3474
3 3474
6
2 8708
2 -5141
4
1 8708
6
6
2 168
3 8708
3 168
2 -6909
2 -5752
2 9915
6
2 -2752
4
4
3 -2752
6
3 9915
2 8871
6
3 8871
2 -3042
4
2 -7630
2 7028
3 7028
4
2 4378
1 4378
5
2 0
4
6
2 1937
3 1937
2 8505
2 -6447
1 8505
1 2695
3 8505
1 -6447
5
2 9874
4
2 -5486
3 -5486
2 18
4
2 105
6
1 -6172
5
2 -8321
3 -8321
2 -2199
2 -7222
5
2 -6010
6
5
4
2 1612
5
6
6
2 111
3 111
6
6
2 -2553
4
2 9430
6
2 5709
4
2 4258
3 4258
4
2 7254
1 7254
2 8507
2 4545
3 7254
3 4545
6
4
2 -4008
4
2 -6743
6
2 -4005
5
1 1583
6
6
1 -6743
5
2 -8316
1 -2086
4
2 7560
6
4
6
2 8957
3 8957
2 -4873
3 -4873
6
2 6482
2 988
3 6482
3 988
2 5904
2 -6899
4
2 -9284
4
2 9578
1 8460
4
3 9578
2 -9261
4
2 3452
4
2 3518
6
4
2 -9183
1 -9183
2 -2320
5
2 2372
6
6
3 2372
3 -9183
2 -1292
5
2 -9389
6
6
5
2 -8031
1 -8031
6
6
4
2 7609
4
2 9175
6
2 -9124
6
6
1 -9124
5
4
2 3870
3 3870
2 1462
5
2 242
5
2 -6266
2 4309
4
1 4309
4
2 8281
5
2 2955
1 9108
1 4282
5
2 -9673
4
2 1471
2 3016
4
2 -3624
1 -894
4
2 3283
6
2 7186
6
5
3 3283
5
2 4154
6
6
4
2 -3155
4
2 8373
6
3 8373
2 -7209
4
2 5120
2 -9358
4
5
2 2575
2 8857
3 8857
5
2 -6184
2 5736
2 7888
3 -6184
1 5736
6
3 7888
2 -4797
2 -5980
5
2 1197
6
5
1 5062
6
6
6
3 -4797
3 -5980
2 -8510
1 -8510
3 -8510
2 -9004
3 -9004
2 -2070
2 9362
4
5
6
2 -7026
6
3 -7026
2 -9230
6
1 5218
5
2 -1469
6
5
2 9612
6
4
6
2 4076
3 4076
2 2882
2 -9676
5
5
2 9353
5
6
2 -1046
5
2 3235
2 -4119
6
2 -8198
3 3235
2 5594
5
1 5518
6
4
1 -3826
5
2 -5023
3 -5023
2 2759
2 582
2 -9970
2 4949
1 -9970
2 1805
6
1 -9970
4
6
3 582
6
2 -7925
1 5742
4
1 -8202
4
5
1 2759
5
2 -6277
3 -6277
2 -1252
5
2 -9500
4
2 -4079
1 -4079
5
2 3314
5
6
2 4884
5
2 -1411
5
6
2 5380
6
3 5380
2 2223
6
3 2223
2 1747
3 1747
2 9816
4
2 8094
6
3 8094
2 5406
4
2 8335
6
2 -8325
5
4
2 -1824
4
2 1989
3 1989
2 1703
6
3 1703
2 -3747
2 7879
3 7879
4
2 -2177
2 -7845
2 2400
5
2 -24
5
1 3321
5
5
2 5519
1 5519
6
2 -4870
5
5
2 -6204
5
2 5991
3 5991
2 4006
3 4006
2 -9153
1 -9153
6
5
2 4571
2 -9836
1 -7793
6
1 -1203
4
3 4571
2 -3275
2 -737
1 28
1 -3275
4
5
2 -7656
2 7973
1 -7656
1 -9656
4
1 -8736
3 7973
2 -3497
3 -3497
2 -2497
6
6
6
5
2 9451
4
2 -4748
5
2 1743
5
2 -2923
1 2469
3 -2923
2 9291
5
6
2 -8054
3 -8054
6
2 6654
2 -5869
5
2 -289
6
5
5
2 -9387
2 -888
4
6
1 8486
4
6
2 -8032
5
6
6
2 -4421
4
2 2768
4
2 3659
6
6
2 8944
3 3659
1 -3903
1 8944
2 -9858
1 8944
3 -9858
6
1 8944
5
2 -5588
2 7036
2 -5745
5
5
3 -5745
2 -9311
2 -2533
3 -2533
2 -4601
5
2 6900
2 6336
4
5
3 6336
2 2353
4
2 -9668
1 -9668
2 -8982
1 4470
5
6
2 -7449
4
4
2 -6657
1 -6657
5
2 4016
3 4016
6
6
2 -9217
5
2 8010
2 1279
2 6915
1 4218
6
4
2 881
1 7897
1 881
5
2 4603
2 1541
5
1 4603
2 -8809
2 -1386
2 2966
4
5
3 881
3 1541
3 -1386
4
2 -5699
2 -8312
5
4
2 7334
4
2 -5105
6
3 -5105
2 -9621
2 -9075
3 -9621
4
2 -731
1 -9829
4
2 -3751
1 -3751
2 -2302
2 9294
5
6
3 -3751
2 1604
6
1 -2302
6
1 -2302
2 -2028
5
4
2 3729
2 -431
5
4
4
2 6856
1 4703
5
2 -2346
2 4386
6
1 4016
2 9653
1 9653
3 9653
6
5
2 7245
3 7245
4
6
2 -8671
3 -8671
2 4889
3 4889
2 -1406
1 -1406
3 -1406
2 7140
4
2 -5911
5
2 7467
4
2 4913
2 2223
3 4913
2 -4073
6
5
1 -8034
1 -4073
2 -6668
1 -4073
4
6
2 -9319
3 -4073
3 -9319
2 7323
1 7323
3 7323
2 5657
4
2 2213
4
2 8600
1 8600
4
2 -3750
5
2 -191
5
2 -7080
4
6
2 869
5
2 -4511
1 7763
6
5
2 -2047
1 -2047
3 -2047
2 -7604
5
2 5348
6
2 4514
1 4514
3 5348
1 5249
3 4514
2 3175
3 3175
2 7901
1 -3718
5
2 3653
3 3653
2 8947
3 8947
2 2398
3 2398
2 -5889
1 -549
6
4
2 -9539
6
1 9808
1 -9539
4
2 3175
6
3 3175
2 3909
3 3909
6
2 9510
3 9510
2 2964
3 2964
2 3870
5
2 5512
5
2 6144
3 6144
2 -250
6
4
2 -1272
6
1 -2655
4
2 -3260
1 -6001
6
1 -3260
5
2 6356
3 6356
2 -7846
3 -7846
2 2503
6
4
2 -8761
5
2 -7679
1 -7679
1 -6184
4
2 -8307
2 -4636
5
6
2 4653
4
4
2 7333
4
2 -1621
6
3 -1621
2 290
1 -7802
2 -4712
1 -5066
5
4
2 925
