100 100
4035 7253 8869 3894 9404 4372 9088 4740 813 8228 7049 5546 7657 9829 915 6125 5480 7836 8043 4622 8792 7988 18 6115 4125 9540 9533 7705 2990 3748 6348 7148 5263 4487 1730 5573 1855 1490 1749 4214 7147 3843 2909 8936 2873 71 8229 9064 4707 2654 5613 9401 3164 9698 2002 2720 5152 156 5594 7781 3081 7335 899 9744 7848 9281 2200 280 9134 4828 8336 2917 8543 9669 1722 2467 8154 5099 9456 4923 781 6398 2736 2340 6153 152 7859 7093 6671 9958 9316 267 499 9554 2698 4519 6646 3144 9693 8370
6
6
2 1180
2 1784
1 8700
1 9533
5
2 -7529
6
6
1 4035
2 -4201
2 1414
1 2200
6
6
1 1749
2 6244
6
5
1 9064
1 2720
1 -6355
2 -5793
1 -2524
1 -7496
5
1 3566
5
5
6
5
6
1 8224
6
2 8225
1 2333
5
5
1 9316
6
5
5
2 -4821
5
6
1 4740
5
1 8225
5
1 -5658
1 8154
1 1180
6
6
6
5
1 2990
5
5
5
6
1 5152
5
5
2 9233
6
1 -4821
2 -4813
1 7836
2 9643
1 1855
1 8302
6
5
1 -9442
2 8668
1 2385
1 685
5
2 -2114
6
2 5808
5
5
2 4177
1 4214
2 1946
2 8526
5
6
2 6120
6
1 7335
1 -5270
2 -1025
2 -6348
1 -8099
6
