100 100
2691 510 8793 8374 5723 1445 6511 7196 9468 5696 977 2384 7286 7713 9991 7399 7240 9898 2868 5796 6939 5625 9154 8401 7510 6360 3184 1589 7092 2499 677 3071 3115 9339 7024 5901 9160 6162 817 9918 849 2711 5094 3658 811 9502 2895 1632 9249 5905 3040 4958 700 6484 9798 1273 5658 3193 8055 2667 2758 6645 7671 5378 611 2836 2886 9525 6891 2508 8410 6421 1544 6497 1939 3851 1750 6924 5092 4750 8742 1623 5662 8549 7785 9958 4006 8724 4761 200 2589 6330 3750 1587 8360 7771 1633 9452 6539 9548
1 7510
6
6
6
1 5723
1 9154
6
1 2758
1 6162
1 -1909
3 5092
6
6
6
3 8410
1 8374
1 5905
1 -9521
6
6
1 3819
6
1 -8271
6
3 8055
3 8401
1 3069
3 8360
6
3 200
1 9154
1 9160
1 7713
6
1 -571
3 2691
6
3 4006
6
3 6891
1 -8056
6
1 -3088
1 9452
3 6939
1 2259
6
1 5378
1 7785
1 4792
6
1 1098
3 5625
1 6048
1 5389
1 6208
6
6
6
3 9154
6
3 9502
1 9548
3 1750
6
1 2455
1 8793
3 7671
1 5648
6
6
1 700
3 6645
3 1589
6
1 3097
6
1 -2088
3 9339
6
6
3 3193
1 -7775
6
1 9863
1 -7659
3 7286
1 7092
3 2758
6
1 1633
3 6360
1 6484
1 668
6
6
6
1 3320
3 2499
