100 100
1892 6849 7038 1518 1977 7571 2647 1203 6205 8704 1312 115 8523 9023 4258 9350 7913 1392 6905 1899 6667 7811 3616 6452 379 7272 7516 9308 8079 6874 4894 9206 2542 7385 2729 3715 7738 8184 9379 7663 6611 4946 9030 7342 9798 380 8204 8920 6022 7601 4971 3010 3840 3654 6123 9882 2631 8700 444 8873 9253 530 956 2694 6882 5038 2697 3206 465 2753 7650 5147 703 8259 4021 583 283 2320 8017 7439 5767 362 6889 5839 4241 282 2532 4191 686 2308 3919 1873 8441 7755 4857 5743 5246 9045 6986 5388
4
6
1 7755
4
6
6
6
4
1 -4832
4
4
2 -9836
6
1 2694
4
6
1 9308
1 6102
1 8014
4
6
1 686
2 -4439
6
6
2 3869
2 4250
6
2 -2422
4
6
2 -3500
1 7135
2 -3800
1 2895
1 9803
2 8621
4
4
6
2 5382
2 2303
6
6
1 3820
1 6986
1 6986
4
4
4
2 1490
2 -7657
1 4752
6
1 -4643
6
2 5584
6
1 1873
4
2 -8128
6
1 703
6
4
4
4
2 5219
4
4
1 -1468
4
4
1 -1717
4
6
6
6
2 -1005
1 -5073
2 -9881
6
4
6
4
2 272
2 -5783
1 -8244
2 8541
2 -8019
4
4
6
4
4
4
1 -3473
4
1 -7672
