1000 100
3334 8293 2164 1205 3227 1516 7683 5387 5273 7192 5622 2002 5998 2631 1564 8829 545 8570 9227 4264 1446 5959 9877 9829 5021 9336 6011 2226 7514 1385 4837 4328 7548 7072 1078 1500 8426 5887 8028 7234 5801 6651 2565 6105 3773 731 3580 6236 586 9240 1594 817 3375 9704 5547 8062 6719 210 6902 166 1270 4604 6171 454 3719 7023 7143 3071 8550 9640 529 8404 3100 5609 6753 6544 8892 7742 2987 8492 1248 1443 1737 662 3674 9481 12 903 6749 5189 9348 4488 7517 10061 8409 5459 9406 1030 8753 2787
3 4604
6
4
4
4
4
5
4
2 5122
6
3 6544
2 -5399
2 -8986
6
6
3 4328
1 -9568
5
1 9829
5
1 9834
1 9406
2 -1949
6
4
3 7192
6
5
4
1 -3311
6
4
4
5
5
5
3 8404
5
4
5
5
3 1248
5
3 3375
5
3 8409
6
1 3773
2 -7457
3 1594
1 8492
4
5
5
5
1 7234
2 7837
1 3100
6
4
3 2226
4
3 3674
4
5
1 2800
4
1 6749
5
1 3719
4
5
2 4434
2 444
4
5
1 7143
4
3 6105
5
4
4
6
1 -1910
4
2 9977
2 5382
4
2 -240
3 5547
3 6753
4
3 2631
3 1516
4
3 5387
3 6236
1 5382
6
2 1312
2 7643
1 8389
1 7517
3 1564
5
3 7643
1 -3689
6
3 7234
5
4
2 -252
1 3912
5
6
5
2 2802
6
6
1 3773
3 2987
6
1 -6956
4
4
1 -8755
1 5801
4
5
5
5
1 4264
5
5
5
2 -5689
6
5
2 -4833
5
2 9940
4
6
1 6158
3 2002
5
5
4
6
2 1970
3 5622
2 -6131
5
5
5
5
3 2802
5
6
4
1 6343
6
5
2 4030
5
3 5801
4
5
5
2 7146
4
4
1 5122
5
6
3 3719
1 7026
3 2787
4
4
4
4
6
4
1 5021
6
2 3869
1 3320
6
6
4
3 3869
3 4434
1 4264
3 4837
4
2 1513
2 -4698
1 -1274
2 4910
3 5122
6
3 1513
1 4910
6
3 5382
3 5189
1 5273
5
5
6
2 153
3 4910
6
1 153
5
1 153
4
3 153
6
1 -8855
6
4
2 6375
2 -4739
2 -5055
4
2 9447
3 -4739
2 1683
1 -7193
1 9447
6
5
4
4
2 -4108
6
2 3443
4
3 3443
2 8883
3 8883
2 8865
2 8136
4
3 8865
6
2 -7387
3 -7387
2 5749
1 4495
6
1 6687
2 1740
3 5749
4
2 -4294
6
4
2 1926
2 -361
1 -7019
1 -361
3 1926
1 3757
5
2 8654
5
6
6
2 -1442
2 7521
2 2196
3 -1442
5
5
2 5622
1 5622
4
2 -996
1 -996
5
6
2 9148
6
6
1 9121
4
2 -4468
6
1 -3694
2 677
6
5
3 -4468
2 4380
5
2 -7563
1 -7563
6
5
2 6509
5
2 -9352
2 -3923
5
3 -9352
2 -438
4
2 -6547
4
2 1859
1 1720
4
2 426
6
5
2 -9532
4
6
6
2 -4336
2 -6575
3 -6575
4
2 6222
3 6222
2 1764
5
2 8258
5
2 7972
6
3 7972
2 8176
1 -7591
2 -8794
2 -5015
4
5
1 -6958
4
6
2 -4345
5
2 -5408
1 -5408
5
2 6390
1 -7710
5
2 -6173
3 -6173
6
2 5010
4
2 -6440
1 206
5
6
6
2 -8313
1 -8313
2 -694
4
5
2 -6994
2 -1472
1 -6994
6
3 -1472
5
2 -3612
5
2 3266
2 -4958
3 -4958
5
2 6123
1 6123
5
2 4035
6
2 6378
2 9857
3 6378
3 4035
3 9857
2 -2576
3 -2576
6
2 -2663
4
2 -9172
4
2 8863
4
6
2 -6931
4
2 3162
1 3162
2 -8285
5
5
2 -4284
2 -6629
6
4
2 -4361
5
3 -4361
2 7157
3 7157
2 -6291
2 -8330
5
2 -5442
6
2 6677
3 -8330
4
4
2 606
2 6132
3 6132
1 -9886
2 -6075
1 8297
6
2 2443
4
3 2443
1 -6128
2 4367
1 4367
6
1 -8085
4
4
2 -3383
6
2 -9668
1 -9668
3 -3383
2 -8116
2 -9719
1 -8116
3 -8116
5
5
2 -7313
2 -6314
4
6
5
6
2 8733
1 1584
4
2 4565
2 -5512
2 9857
6
2 -6513
4
3 9857
5
3 -5512
2 3621
4
6
2 -1621
5
6
6
2 8274
6
1 8274
5
2 -5919
4
2 -8025
5
2 2119
4
2 -9629
2 8666
2 205
2 4203
1 4203
3 205
5
2 -6910
4
4
4
2 -4193
4
2 9898
5
2 -1759
4
2 -713
3 -713
2 -2055
5
6
2 -4367
2 -4551
2 -7428
4
3 -4551
6
3 -4367
2 5374
4
2 -5425
6
3 -5425
2 -9227
4
2 6003
6
6
3 6003
2 9876
6
5
2 -1116
6
5
2 -8911
6
5
2 -4620
3 -4620
2 -5478
1 -5478
2 8273
3 -5478
5
2 9839
6
2 4635
6
3 9839
1 4635
3 4635
2 -4000
5
2 1394
5
2 -6722
3 -6722
2 67
2 -6297
5
5
2 8395
4
2 5914
6
4
2 7366
2 2598
1 -9350
6
3 7366
3 2598
2 -6558
2 -6861
2 -4048
6
6
4
1 318
6
3 -6558
2 1144
4
5
2 -2179
5
6
2 -998
5
2 -1018
1 -1018
1 -7548
3 -1018
2 -153
3 -153
2 853
4
6
2 4963
1 4963
4
2 9012
6
2 6067
5
2 2415
1 2415
6
6
6
5
3 2415
6
6
2 8982
3 8982
2 -9624
1 -2757
4
2 -3623
1 -3623
4
2 -9688
3 -9688
2 2004
1 -5587
4
2 9561
4
6
2 -3873
1 -1017
4
6
6
2 -5846
4
2 -2016
1 -6565
3 -2016
2 7306
6
2 5687
5
1 5687
4
2 -3619
1 -837
3 -3619
2 6346
2 3777
2 -7367
2 9867
2 9053
5
5
4
2 3180
1 3180
4
6
3 6346
3 3777
6
2 7771
6
3 7771
2 6772
2 7829
5
5
2 6211
4
6
2 2777
3 2777
2 -1702
2 2176
3 -1702
2 -7435
5
1 -7435
1 3482
6
6
5
2 -9584
3 -9584
2 8876
2 3037
5
1 3037
4
2 9779
1 9779
5
2 778
5
2 593
2 656
5
1 593
3 593
2 9679
2 4274
6
6
3 9679
1 4274
5
2 -5210
4
2 -8147
2 -113
6
1 -113
1 -7237
4
2 -5407
1 -3278
2 -5809
2 8070
5
6
5
3 -5407
6
6
6
4
6
2 -1530
3 -1530
6
2 893
6
6
1 4080
3 893
2 8893
5
2 -2098
6
2 1362
3 -2098
4
2 -5613
2 3797
2 -7577
1 -8676
4
5
4
2 1890
3 1890
6
2 1164
6
1 1164
2 5972
2 9601
6
6
1 -3820
2 4914
1 -7607
4
3 4914
5
3 5972
2 -5587
6
1 -5587
3 -5587
6
2 -3688
1 -2716
1 5600
5
2 7497
4
6
2 5043
5
2 -699
4
2 -4957
5
2 -7237
5
6
2 -440
1 -9695
6
4
2 9654
2 8102
6
1 9654
1 4529
3 8102
3 9654
2 -1179
2 -3933
1 -3933
1 -1179
6
1 -2405
4
1 -1179
5
2 -6344
6
1 -1231
5
6
6
2 -3018
5
2 -800
2 6725
2 -4464
2 646
3 6725
5
5
1 -1547
4
2 2577
5
2 -5635
5
2 -7866
5
2 5298
6
2 -1151
4
1 5298
3 5298
2 7986
4
2 3636
4
2 3800
2 5844
6
2 3620
6
2 9535
4
4
6
3 9535
5
6
2 4140
3 4140
2 6199
1 6199
6
3 6199
2 4111
6
6
3 4111
6
2 135
2 6331
2 4315
3 6331
5
1 -6603
4
6
2 4222
1 6093
2 7384
6
3 4222
2 -3549
2 -9286
6
2 8796
4
5
1 2064
5
2 -405
4
4
2 8562
6
5
2 -1597
3 -1597
6
2 -2039
3 -2039
2 -8125
5
6
2 7129
1 7129
3 7129
6
2 -4069
1 -4069
5
2 -1524
2 -513
2 9462
2 9886
3 -1524
1 -3320
4
1 9886
2 4877
4
4
4
2 8711
6
4
2 9712
6
6
2 -2049
2 -2327
4
2 3009
4
5
6
2 5484
5
2 948
6
6
1 3009
2 8615
4
1 -8604
5
6
1 3009
4
2 1778
4
2 -8342
4
2 -2047
1 -2047
3 -2047
2 -4468
4
2 -9592
1 -9592
5
2 3109
6
5
6
6
2 -2012
4
2 -8145
4
2 740
3 740
2 -7295
2 5278
3 5278
6
3 -7295
2 -553
6
5
2 2349
4
6
2 219
6
4
2 -3531
1 -3531
5
2 9809
6
5
2 -6931
1 -4579
4
2 -1212
2 8236
2 2027
5
1 -1212
4
6
