100 100
8195 520 1629 2146 6948 5016 802 3638 6917 5139 4617 7174 10070 8841 7040 324 9963 3559 2662 3393 1167 535 10048 2365 9969 4452 5252 4099 8576 9797 5646 813 8929 2282 9445 3406 6464 4107 7963 6939 9357 6453 7203 5858 6795 5308 9196 3713 5193 8805 6438 674 370 7942 7612 2776 609 7350 3961 555 7792 9705 2792 1250 3943 1724 8881 2606 8806 3496 9975 6085 10002 2632 790 8463 7675 3964 2312 7625 1177 3999 8117 1645 947 2832 2805 2200 3859 1268 7595 654 1919 1541 1205 994 1653 7849 7229 9744
5
5
2 -6495
2 -6361
6
5
6
6
3 2365
5
3 5858
2 6418
5
2 4276
2 7481
4
4
5
5
6
3 1541
4
1 3964
3 7040
5
4
4
3 8881
1 2776
2 -6303
1 2316
2 -2116
1 1228
4
4
5
1 -1390
6
6
3 2792
2 -9702
6
3 7963
3 9357
1 -3259
2 -3777
1 2312
1 1501
1 9193
5
6
4
6
3 2662
4
4
4
4
5
6
1 3859
5
1 4259
5
1 1268
5
2 2679
1 -1371
2 -1250
3 3961
5
5
2 -6884
4
4
3 5308
4
1 7595
4
3 790
2 8800
1 -9438
6
4
6
3 1268
6
3 3406
2 2847
3 5139
5
3 7849
5
6
3 7350
1 3943
6
3 1167
5
