100 100
9361 533 7026 7906 9471 243 3376 7578 8049 4546 2625 563 8530 8029 5370 1246 4095 5917 730 6887 2272 9882 5817 6252 6901 4646 4297 7484 2861 4966 5940 2178 7486 3922 7203 10048 6147 725 9550 66 3860 2195 3194 4962 8787 5998 3935 5150 8994 7383 7143 7700 1064 9577 5319 8223 2562 3674 6764 3905 604 520 8136 4934 9939 1180 8740 1326 2452 6298 9293 6130 9851 1850 1582 7234 2725 3128 5712 7098 6784 7300 4021 4500 2351 8550 2923 1957 4374 7466 4957 2702 2855 2885 7866 5694 5374 7122 3664 82
6
6
1 867
1 7700
6
1 2798
2 -2090
6
6
2 7042
2 9729
2 -7944
1 6036
2 -5552
2 7737
6
2 7651
2 6052
6
1 9577
1 8049
1 8029
6
2 5894
1 5028
6
2 -1510
6
2 3871
2 7028
6
1 9471
6
1 9284
6
2 -9184
1 -1510
1 -520
1 9570
1 520
1 1828
1 7234
1 8530
6
2 5196
6
6
6
6
2 4667
6
6
6
1 -1288
1 5712
2 2512
6
1 -7701
1 3935
2 3899
1 725
6
2 6630
2 3256
2 1191
2 -922
2 4639
2 9240
2 -7250
6
6
6
2 3279
1 9756
6
6
1 9514
2 -9466
6
2 554
1 2993
2 9848
1 6901
6
1 -2796
1 -9184
6
1 8994
6
6
2 -8439
6
6
6
1 -8803
2 635
6
6
1 4374
