2000 100
1190 7043 8779 1352 1908 6729 300 1435 9330 5323 7020 2183 8949 3949 4509 2711 2151 547 605 7094 6739 889 8824 553 223 3712 2913 8616 6129 3415 1535 8374 8857 3911 1725 2107 807 9064 9288 4900 5211 1703 2192 3449 9743 6185 5374 1980 8286 3446 9674 5304 8542 1998 9745 425 8135 2101 6292 3455 5062 2763 2578 9191 3459 3014 3718 229 5526 5464 3433 4647 6557 7355 8234 4469 3072 5346 944 2046 2496 3276 7775 5756 2114 4981 2184 3147 7131 2477 6788 5772 4781 1443 7977 8492 7340 2754 8632 1778
3 6129
3 3072
2 8944
1 7885
1 8632
1 38
6
4
6
3 2711
1 2476
6
4
3 3712
6
1 8135
2 -7188
6
5
4
4
6
2 8803
3 2192
5
1 3433
5
3 8779
3 5211
3 8803
6
3 3949
3 889
5
2 -6953
2 7096
6
2 -726
6
3 5062
1 6185
6
1 -2503
2 -7584
6
6
2 7317
2 6261
5
4
2 3193
6
3 944
2 55
1 605
4
5
5
3 5374
2 1679
6
1 4923
3 5772
2 -36
1 3276
4
6
6
6
3 7094
4
3 7355
6
6
6
3 1190
5
3 5304
6
5
6
5
3 425
2 -5306
6
6
6
4
6
4
4
6
3 7775
2 4998
5
1 7096
6
3 2101
6
1 6025
4
1 3455
5
1 1671
5
3 2107
5
6
3 6788
5
5
6
5
6
2 9190
3 5526
3 2183
3 5464
4
6
6
4
5
5
4
3 1980
5
4
3 4509
3 6185
2 -1022
1 -7962
3 2496
4
5
1 7544
3 6292
3 3193
1 -3907
3 2151
3 7020
2 1310
5
2 9194
4
3 1998
5
3 4981
1 9709
6
4
1 3682
1 2913
6
2 -2337
6
6
4
4
1 1679
4
2 9199
5
4
2 9210
2 -9860
5
2 5116
6
5
3 5116
5
5
5
6
4
1 5506
2 -2735
4
5
4
2 9490
5
6
4
4
3 4647
1 2754
3 5346
6
4
4
5
1 242
3 4469
6
2 2316
6
2 -6807
1 1262
5
3 4781
1 189
3 -6807
5
6
3 2578
4
5
6
2 7180
2 -8910
4
4
3 3014
1 3276
1 9460
2 3393
5
5
5
5
5
5
3 3393
5
2 -1889
1 -9697
2 2710
6
4
5
4
3 3147
1 2059
5
2 -4814
5
4
6
5
6
2 -6000
1 2763
5
6
5
3 2754
4
2 -9323
5
5
4
2 -5264
2 6988
5
3 2710
4
2 -6083
2 7287
4
2 -6141
4
5
2 7280
4
2 7736
3 7736
2 9839
6
1 -8782
5
2 -2985
4
2 -8074
4
2 -949
3 -949
6
6
2 4629
1 9462
6
5
2 -858
5
2 751
3 751
2 2548
4
2 710
3 710
2 -2692
4
2 7172
6
6
4
2 -1232
1 -1232
1 -1232
6
2 -3264
1 -7355
4
4
2 2650
3 2650
2 -3503
4
2 -7695
2 -8022
1 3697
6
5
5
2 4158
3 4158
2 -2911
5
2 9421
3 9421
6
2 5732
6
4
2 -9507
5
2 4277
1 4277
3 4277
2 7640
3 7640
2 -9915
4
6
2 -7581
6
2 1325
6
5
2 -4610
4
6
5
2 4383
1 4383
6
1 4383
6
3 4383
2 -6660
5
2 8406
3 8406
6
6
2 55
5
2 5670
1 5670
3 5670
6
2 -3749
5
2 -6769
2 7279
6
1 8504
6
3 -6769
3 7279
2 1313
5
2 -8469
4
2 1991
4
2 6550
4
2 5160
1 5160
5
2 285
6
2 335
6
5
2 -3750
4
4
2 348
2 -2917
6
1 1510
1 -2917
2 -3021
2 -7185
1 -5895
4
4
2 7429
6
3 -2917
4
4
2 1513
3 1513
6
2 5403
5
6
2 -3050
3 -3050
2 -8283
6
3 -8283
2 8370
5
2 -3769
1 -5337
3 -3769
2 -5936
3 -5936
2 -4911
5
2 587
4
2 -3824
5
2 -9053
2 -344
6
3 -344
4
2 -9499
3 -9499
6
6
2 5024
3 5024
2 2706
1 2931
6
2 -3070
1 2706
4
2 8692
6
4
5
2 -5915
6
3 -5915
6
2 -2282
5
2 -7674
3 -7674
2 -1554
4
2 -7541
1 -7541
2 6482
6
3 6482
5
6
2 -1367
5
2 9218
5
2 -7333
6
4
6
2 -1277
5
6
2 -3180
1 -6529
1 -3180
3 -3180
6
2 -2691
1 -2691
1 -4978
1 -3564
6
6
6
5
2 -503
4
2 3579
1 3122
3 3579
2 8558
1 8558
5
6
2 -557
4
2 -3753
1 -3753
2 -9965
2 5377
4
4
4
2 4752
3 4752
2 2860
4
6
2 -3928
2 -6723
2 481
1 -6723
5
3 -3928
3 -6723
6
2 -5268
6
3 -5268
6
2 -9232
3 -9232
2 -1283
6
6
2 3588
6
5
3 -1283
2 1054
1 1054
6
2 -9167
4
4
2 -4416
5
2 1538
6
1 -4306
3 1538
2 3892
3 3892
2 -4267
1 -4267
3 -4267
2 5862
2 9578
1 -9257
1 9578
6
5
3 5862
6
2 -3053
2 -9751
2 3945
1 3846
3 -3053
4
6
2 -5439
4
1 3945
1 3945
3 3945
2 -9245
1 -8500
3 -9245
2 5960
1 -377
2 6774
5
5
6
2 -1109
2 -4282
4
1 -1109
2 -1590
6
4
2 5937
6
5
2 5792
1 -743
3 -1109
1 -2943
5
2 -9717
2 1744
1 -9717
1 -4188
5
2 -2350
3 -2350
2 4950
2 -6622
4
1 5921
6
2 5785
6
6
5
1 -6622
3 4950
6
2 1501
6
5
1 -6622
6
3 -6622
2 -921
3 -921
6
2 -6109
3 -6109
6
2 -5053
3 -5053
2 1934
3 1934
6
6
2 3142
4
2 3231
2 8766
4
6
2 9338
5
1 -9610
4
2 -9471
3 -9471
2 3135
6
2 -2231
4
2 -7440
1 -3700
1 -6488
3 3135
5
2 3341
2 5846
3 5846
6
3 3341
6
2 -3552
4
2 -8302
5
2 6696
6
6
4
2 -5696
4
2 9807
1 9807
5
2 -9831
1 -9831
1 -882
5
2 6336
3 6336
6
2 -7812
4
2 -6386
4
2 -4736
2 7738
3 7738
4
2 -6685
6
6
5
2 -8462
3 -8462
2 -8517
2 672
5
6
4
6
6
6
2 -1123
6
1 -1123
6
3 -1123
2 9216
6
3 9216
2 -1125
4
2 -515
4
6
2 4267
4
2 -4494
3 -4494
2 -4553
2 -3311
3 -4553
6
1 8468
3 -3311
2 1870
4
6
2 6990
3 6990
2 -359
6
3 -359
2 -1898
4
2 -7795
4
2 -233
2 6942
5
5
6
2 -4047
3 -4047
2 7395
6
4
2 218
2 -368
3 -368
6
2 -3928
4
4
2 8177
4
2 8318
5
2 4107
3 4107
2 1007
3 1007
6
2 -1673
5
2 1419
3 1419
2 -6205
4
2 966
4
6
2 -1169
1 -1169
1 -1169
4
2 7465
3 7465
2 2318
4
2 -291
3 -291
2 359
5
2 2127
1 2127
2 1576
2 7292
6
3 7292
4
5
6
2 -5290
4
2 -2154
1 -2154
5
2 9382
5
2 -3950
1 -3950
1 -3950
2 4356
2 -9793
3 -3950
3 4356
5
2 -9646
2 -8347
5
2 2043
6
6
6
2 -8509
2 2097
3 2043
3 -9646
6
2 4594
6
6
5
4
3 2097
2 2615
1 -1295
1 -871
3 2615
2 1808
1 3188
5
6
2 -4713
6
5
2 -8209
2 -2415
4
1 -2415
3 -2415
2 -9602
1 3259
3 -9602
2 -8551
4
2 5810
6
5
2 7101
5
6
6
2 -3257
1 -3257
2 -8487
3 -3257
5
2 955
5
2 7534
3 7534
6
2 227
3 227
2 -6416
6
6
4
2 -3547
1 -1391
2 7549
5
1 -5584
6
6
5
2 -6266
6
4
2 -5091
2 957
6
5
5
2 8821
5
2 6145
2 4666
2 -1279
2 -6637
2 -8749
2 -430
1 -1279
5
6
2 -8476
1 -430
2 5587
4
2 1642
4
4
4
5
4
3 1642
6
3 4666
2 -8685
2 8289
5
3 -8685
2 -263
2 5344
3 -263
1 5344
2 -4555
6
2 -1953
1 -6966
4
3 5344
5
2 -6059
6
5
2 9009
5
6
2 9499
6
3 9499
2 1483
6
4
2 202
4
2 -3971
1 -3971
6
6
2 3644
4
1 -2362
5
6
2 -43
6
5
2 8165
4
2 2883
1 1251
3 2883
6
2 1741
3 1741
2 6511
5
6
2 8832
4
2 -2738
3 -2738
2 5794
1 5794
2 5297
2 -6558
5
4
3 5297
2 8170
1 8170
3 8170
6
6
2 -2902
1 -2902
5
2 2345
6
6
6
2 -4282
4
4
2 -948
5
2 5244
4
2 7632
4
6
2 4233
2 -6004
6
1 4754
1 4233
1 2920
4
5
2 8323
3 8323
2 -5279
5
2 -952
5
2 -375
1 -7099
1 844
5
2 -2237
3 -2237
2 7982
1 -2416
5
6
2 -3622
3 -3622
2 646
6
5
6
2 759
1 5390
4
6
2 -3612
2 -5679
5
4
2 343
3 343
2 5299
4
2 6866
3 6866
2 -9224
1 -853
5
2 9077
4
2 -9936
3 -9936
2 7265
1 -5531
2 5963
1 5963
5
2 -6423
6
6
3 5963
2 -1306
5
6
2 6916
5
3 -6423
2 2584
1 2584
5
2 -792
5
2 6716
1 -1680
1 6716
6
2 4862
3 4862
4
2 -7397
1 -1867
6
6
4
2 -4077
2 5653
3 5653
6
1 -3446
5
2 838
1 -1519
3 838
2 4997
3 4997
2 -5917
4
2 8993
1 8993
5
2 -7926
6
5
2 -9868
4
2 -5180
5
2 -8778
5
6
2 6545
3 6545
2 146
5
6
2 4335
3 4335
2 -6315
2 -9844
4
1 -6315
2 -268
1 -74
6
1 -268
6
2 -5710
2 -4842
3 -268
5
6
1 -6315
4
5
2 -9112
1 5167
4
6
2 -1632
4
2 1701
2 1096
1 1701
3 1096
2 7383
2 2636
2 1395
1 7383
2 -2882
5
6
1 2636
4
5
1 1395
5
5
6
2 6615
3 6615
2 3544
6
1 3544
4
6
2 -1433
6
5
2 -6358
4
2 3699
5
2 -5599
6
3 -5599
2 1325
6
2 -6082
6
1 -6082
3 1325
2 9832
5
5
2 1434
1 8263
6
3 1434
2 3658
5
2 -2006
3 -2006
2 -1027
3 -1027
2 -7983
5
2 -7002
5
2 9683
3 9683
6
6
2 1442
3 1442
2 6959
1 6959
5
2 6775
5
2 3816
6
6
6
1 3250
3 3816
2 7766
4
2 -4394
4
2 8185
4
2 5177
6
4
2 6256
3 6256
2 -708
2 2343
3 2343
5
2 -5264
2 -7624
5
2 -3367
5
2 3509
6
6
2 -3471
6
1 -5723
3 3509
6
4
6
1 -9425
6
4
2 9497
1 9497
4
2 7510
4
2 -3284
3 -3284
2 -7741
6
3 -7741
2 6513
2 7419
2 8755
4
6
1 -290
2 1600
2 3401
6
1 -1820
3 3401
1 7419
6
3 8755
2 -1683
4
3 7419
5
2 4906
2 -2920
4
3 4906
6
2 9617
1 -4632
1 9617
3 9617
2 -5229
6
2 -9368
2 -2609
1 -2609
3 -5229
4
5
2 130
2 -6198
6
4
5
6
2 -6475
5
2 -3397
4
2 5669
2 1984
1 1984
5
5
2 1138
3 1138
6
2 -5859
1 -5859
6
3 -5859
6
2 3590
6
3 3590
2 -6200
1 -6200
4
2 -7433
5
6
2 273
4
2 -6558
5
2 3318
3 3318
6
2 2748
6
2 -4534
2 -8863
4
3 -4534
3 2748
2 2835
3 2835
6
2 5574
1 5574
4
2 9397
1 9397
4
2 -9313
1 6727
1 -9313
2 9888
6
6
2 -2426
1 -5903
1 3308
5
3 -2426
2 5550
4
5
2 -8659
5
2 -4673
5
6
2 4200
2 -8115
2 9208
5
2 5789
3 4200
5
6
5
6
2 -9144
3 -9144
2 5722
5
2 -6371
6
4
2 -417
1 -417
6
6
6
4
2 7896
3 7896
2 -9393
1 5547
2 -5201
5
2 -8486
4
5
2 -4854
2 1236
2 6217
4
4
5
2 9360
6
4
6
2 -9736
4
2 7898
1 7898
5
2 4025
1 4025
1 4025
4
2 -9976
1 -1573
3 -9976
2 9728
2 9915
3 9915
5
2 8944
1 8944
4
2 -9901
1 5908
5
2 3538
2 -3793
3 3538
6
3 -3793
2 -472
2 -8454
2 5002
6
5
2 3789
4
6
3 -472
2 1429
4
3 3789
2 -467
2 -99
5
5
2 -9750
6
6
6
6
5
2 -4999
5
2 -9882
6
5
6
2 9487
4
2 1600
3 1600
2 -6950
1 6845
1 4453
6
2 -3893
4
2 -2398
3 -3893
2 3712
2 8413
5
5
6
1 7812
3 -2398
2 9256
2 9939
2 7569
3 7569
3 9939
4
2 -875
4
2 8089
5
2 310
6
3 310
2 6035
4
2 1609
6
3 1609
2 5395
1 5395
5
6
2 8363
5
2 3760
5
2 3711
4
2 -3775
6
6
3 -3775
2 -2224
1 -6823
4
2 930
2 8332
3 930
2 -282
4
2 972
6
3 8332
1 8165
5
2 -1501
3 -1501
2 -6213
4
2 -420
2 -6465
1 -420
3 -420
1 -6465
5
2 4968
5
2 6485
5
2 -7945
4
2 -3776
5
2 2000
1 -8446
2 1855
5
4
2 7756
5
2 293
5
2 -2215
2 -8758
6
5
3 -8758
2 -6006
5
6
2 -8006
6
4
2 -9867
3 -9867
6
2 4286
3 4286
2 2528
4
6
2 6575
3 6575
2 -1342
6
4
2 -2996
5
6
2 9367
6
3 9367
2 -4576
3 -4576
2 -1403
5
2 -5698
1 -5245
6
4
2 6280
1 6280
3 6280
2 2251
3 2251
2 2720
1 3886
3 2720
2 -2030
5
2 7587
5
2 -9864
1 -9864
5
6
2 3095
1 -1363
3 3095
6
2 -7853
6
3 -7853
2 3058
1 6907
4
6
6
2 5949
6
2 1805
2 269
6
3 269
5
2 -8234
4
3 1805
2 1170
1 1170
3 1170
2 -1460
6
5
2 7548
3 7548
6
2 -2235
6
4
2 -3170
4
2 3238
1 7128
2 305
6
4
3 3238
2 -8304
1 -8304
1 -8304
5
2 -1377
1 8401
5
2 -960
6
3 -960
2 -8720
5
2 4223
1 -9668
3 4223
2 -5820
3 -5820
2 601
4
2 278
6
6
3 278
2 -2133
2 -8425
1 -7413
1 -1803
3 -8425
5
2 6299
3 6299
2 3781
4
6
6
2 6397
3 6397
2 4028
2 -8754
2 -2919
3 -8754
1 -2919
4
2 -7481
2 -8246
3 -7481
1 4028
2 -9734
1 -4015
2 -4893
3 -9734
4
3 -4893
2 -5404
6
4
5
2 613
5
2 -5338
3 -5338
6
6
2 5583
5
2 -7029
4
2 2305
5
2 -3862
3 -3862
6
2 2664
3 2664
2 1401
5
2 5075
4
2 -1850
5
2 1303
5
2 4519
4
2 8171
1 8171
5
2 -5766
2 8061
5
6
1 7730
3 -5766
2 -3215
2 3865
4
6
1 3865
1 -4691
6
1 -2525
3 3865
2 -5987
2 -9963
4
1 -5987
2 -4888
1 -4888
1 -5987
6
5
5
2 -8137
1 3663
5
2 5530
6
2 -3037
3 5530
4
2 -9834
2 2357
3 2357
2 -5559
5
2 1047
3 1047
4
6
2 6326
1 6326
1 2573
3 6326
2 8878
6
4
2 -7511
1 4916
6
5
2 1709
1 1709
1 1709
3 1709
2 -2218
4
2 -892
1 -892
4
2 7258
3 7258
2 3625
5
2 5813
3 5813
2 -948
2 3826
3 3826
2 -9660
1 9922
3 -948
6
3 -9660
2 -6723
3 -6723
2 4214
2 4114
2 7655
6
6
2 -2228
5
6
4
1 -6054
1 7234
5
5
2 -4765
6
3 -4765
6
2 3478
2 5948
4
4
6
2 -1745
1 -5052
3 -1745
2 -8872
3 -8872
2 -1939
5
2 -6015
5
6
2 -6625
3 -6625
6
2 -1000
2 -7150
3 -7150
1 -1000
5
2 3133
5
2 2454
4
6
6
2 -1174
3 -1174
6
2 -5223
6
4
2 2917
5
2 6743
5
2 -7323
1 1562
3 -7323
2 -699
2 548
1 -699
4
1 -7587
6
5
2 -1730
5
2 -5198
4
2 -5677
3 -5677
2 -5456
5
6
2 -6073
3 -6073
2 1661
1 6104
3 1661
2 -3658
5
2 -3522
3 -3522
2 -1076
2 7928
6
1 331
5
4
2 -3878
3 -3878
2 445
2 -2735
2 5598
3 445
6
1 5598
2 8460
3 5598
3 -2735
6
5
2 1600
4
2 -6937
2 6943
5
2 -9599
4
4
2 9675
5
2 7120
6
2 -828
5
3 -828
2 -5809
1 -5809
5
2 9362
6
1 9362
6
1 -9357
3 9362
6
2 2245
6
4
2 -2328
5
2 -2144
3 -2144
2 -2585
3 -2585
2 -6719
4
2 -5646
6
1 -5646
1 -5646
3 -5646
2 -1189
1 2063
2 3643
6
3 -1189
4
6
6
2 -5658
1 4266
4
2 1308
4
2 -4893
5
2 -2955
6
6
3 -2955
2 -7577
4
2 -7956
5
2 539
1 -8172
3 539
2 4400
2 1422
6
4
1 4400
5
2 -2943
3 -2943
2 -2835
6
3 -2835
2 -2264
6
2 4524
1 8562
3 4524
3 -2264
2 -6991
