3000 100
7356 6196 1284 5633 1330 5441 8179 7246 8488 9428 5183 6825 5434 1562 922 9656 3365 4975 6067 4301 2871 3933 3001 3658 6854 1638 7619 5941 2579 6080 7191 3597 8184 7683 6405 7084 5165 7886 2836 5493 1654 5712 2052 3849 4720 2481 9580 6839 1236 2208 5371 8858 5423 3510 943 9162 568 2858 5883 8564 618 8256 8480 6978 7201 7933 3241 4029 4560 8545 7827 8348 2856 4803 7482 9835 8675 9105 5084 4331 2742 7299 6921 2290 2668 2483 332 6496 6563 2463 4204 2861 6421 3436 9089 4159 7764 5252 1012 6320
1 8554
5
6
5
5
1 6080
4
2 9368
4
5
3 7246
2 -7592
1 1620
4
5
6
2 -9076
2 260
3 4029
6
6
2 -7699
2 3088
2 -878
3 7683
4
5
3 4301
1 8009
4
2 518
1 4560
1 5183
4
2 -5851
5
2 9001
4
4
4
1 8333
6
4
2 -4391
1 -4391
6
4
5
1 -5394
3 2668
6
1 7278
3 7356
2 -5989
6
6
5
6
4
6
1 -2740
4
5
4
1 2861
2 4004
5
5
3 5165
2 4449
6
6
4
2 -245
4
5
6
6
2 3844
6
1 5642
6
4
6
3 2052
1 -3375
4
4
5
1 2836
2 -1399
4
3 5183
1 4449
4
1 5646
1 4720
4
6
6
6
2 8453
2 9064
3 3365
3 4803
4
4
3 6825
1 3809
5
1 4560
2 -6855
2 968
3 4004
4
3 968
2 -4776
2 -2611
2 -7263
4
3 6921
4
6
4
1 3597
6
6
2 -6619
3 8184
2 -5242
5
4
3 2579
2 2219
3 3436
2 -417
1 2483
1 -637
3 -417
5
3 4449
6
3 2858
5
4
4
1 2742
6
6
1 907
4
1 7978
4
4
4
6
2 -9105
4
1 1702
3 4560
2 -5874
1 -6019
3 4331
6
1 3088
2 -5954
4
2 -7335
6
6
4
3 5633
4
1 -8477
1 8967
1 3510
5
5
6
3 2871
3 5434
5
5
4
4
1 7827
5
3 4975
2 6536
4
6
2 5831
2 -93
4
3 3001
2 3788
5
3 5712
5
4
6
3 5371
5
4
4
5
3 4159
2 3974
2 2618
5
1 3250
6
1 -9559
2 6716
4
4
4
4
2 3875
1 6320
2 3963
5
4
4
1 5883
5
2 -7594
5
1 6716
4
3 5423
3 6716
2 -4770
2 2079
3 6839
3 3963
6
2 -9395
6
3 -9395
6
6
3 5883
3 6080
5
3 5941
5
6
4
6
2 -8373
2 -2441
6
4
2 3133
4
2 -7097
6
3 -7097
6
5
2 -6411
6
1 -3620
6
6
4
4
5
5
5
6
4
3 3933
6
2 -2622
1 6320
3 3875
4
6
6
2 -8689
5
6
6
3 6067
5
2 1043
6
6
4
3 3974
4
6
2 -760
2 -5233
1 -8493
6
2 8897
1 -7736
3 5831
4
2 -4790
6
1 -35
6
1 5441
2 -6683
2 -816
1 -760
4
4
4
3 4204
3 5493
5
4
5
1 5084
5
5
1 -8782
2 -2965
6
3 -2965
5
3 3849
2 -2064
6
5
6
2 1923
2 4163
1 4163
3 1923
3 4163
2 4251
3 4251
2 9938
3 9938
2 -4311
3 -4311
2 -7982
3 -7982
2 2414
2 -5214
2 477
6
6
1 -5214
3 477
3 -5214
5
2 -5265
1 -5265
5
2 -5017
6
5
2 1067
1 1067
3 1067
2 -6963
2 7107
5
4
2 -1968
5
2 4535
2 1399
5
2 -4548
5
2 -3458
3 -4548
1 406
2 748
2 483
3 -3458
3 483
5
2 -9696
3 -9696
2 4776
6
2 -4271
5
3 -4271
2 7083
4
2 -6691
4
6
2 -6136
3 -6136
2 6437
5
2 -4480
3 -4480
2 -839
4
2 -6254
1 -6254
2 -9981
2 -1115
5
2 5559
6
2 -4119
5
6
3 -4119
5
2 2079
4
1 2079
3 2079
2 -8154
5
2 -8776
1 -8776
6
4
2 4101
1 427
1 3717
5
2 -9633
6
3 -9633
2 5238
6
2 -7751
1 -3688
2 1183
6
5
6
6
1 1183
4
1 1183
2 4600
3 4600
1 1183
6
4
2 -7608
5
2 -9936
6
3 -9936
2 -5045
3 -5045
2 -3007
3 -3007
6
6
2 8602
6
5
6
2 7239
2 6201
2 -3421
1 3968
1 1868
4
6
5
3 6201
2 -8505
2 4297
1 -9458
1 -3641
6
4
2 7538
3 7538
2 -7860
1 4970
5
1 4271
1 2365
4
2 2327
3 2327
2 -5337
4
2 7015
4
2 -5443
6
5
2 -7739
4
2 6701
2 3325
3 3325
3 6701
6
2 8213
4
2 9855
2 3221
1 -5298
5
5
2 -8043
5
2 5911
1 5911
4
2 -268
2 -9257
2 5515
3 5515
5
4
2 4680
3 4680
2 -3582
1 2266
1 -3582
3 -3582
2 -4289
2 1166
6
4
1 1166
6
6
3 1166
6
2 8364
5
2 -6689
3 -6689
6
2 -4720
5
2 8424
6
6
5
2 7653
3 7653
2 -9979
3 -9979
2 -20
5
2 -1413
3 -1413
2 -2913
6
3 -2913
6
2 2386
2 -3932
3 2386
1 -3932
3 -3932
2 -5179
4
2 4270
5
2 -5260
2 493
4
6
3 493
2 9977
2 -3189
4
3 9977
6
2 -1619
4
6
2 5183
1 -8230
3 5183
2 1093
2 1829
6
3 1093
6
1 1829
4
2 -4697
1 -4697
1 -2000
1 -4697
3 -4697
2 1308
1 -3130
3 1308
2 5223
5
6
2 2266
3 2266
2 2799
2 -4764
4
3 2799
2 4944
3 4944
2 -644
6
5
2 -7138
3 -7138
2 3939
6
3 3939
2 7128
6
1 -9401
3 7128
2 -8390
5
6
2 -1793
3 -1793
2 4051
1 4737
1 -5769
2 -4740
4
5
2 -9857
4
2 8712
1 -8084
1 -8591
3 8712
2 4064
2 -885
5
6
2 2726
5
2 259
2 4800
1 -885
1 -885
2 -9114
2 -6186
2 3763
2 -4980
4
2 2141
5
3 -4980
6
5
4
6
1 2141
4
1 259
3 2141
2 -1322
6
6
1 -1322
6
1 1548
4
5
2 -8044
1 2710
1 -8044
1 -8044
1 -8044
3 -8044
2 -4775
6
3 -4775
6
2 9792
1 7150
6
1 5317
1 9792
2 7198
1 9792
5
2 9515
6
3 7198
5
2 -880
6
5
2 7284
5
2 -4991
2 5905
3 5905
1 -8446
2 -9252
3 -4991
4
2 -3300
1 -3300
2 -654
6
1 -5243
5
5
2 -97
4
6
2 38
1 554
1 38
1 38
3 38
2 8717
5
2 -8866
1 5346
4
6
2 -9197
3 -9197
2 -5702
3 -5702
2 1541
1 712
3 1541
2 4524
1 4524
5
6
6
2 -7371
3 -7371
2 8874
2 4716
3 4716
2 8254
3 8874
2 -8131
6
4
2 5468
6
1 -9553
4
2 7160
4
4
2 7758
3 7758
6
2 -8961
2 -7809
6
5
6
2 1668
5
3 -8961
2 1545
4
2 334
4
2 -6018
3 -6018
2 -7341
3 -7341
2 4866
6
1 4866
3 4866
2 -7734
5
6
2 3417
4
2 4292
6
5
2 1222
6
4
6
2 -5075
4
2 255
1 255
5
2 6148
6
1 7285
5
2 -1346
3 -1346
2 8914
3 8914
2 -2235
5
2 -4479
5
2 -7981
3 -7981
2 -5585
1 1531
3 -5585
6
2 -8292
3 -8292
2 6897
1 -7439
5
2 -950
5
2 2173
5
2 -4011
6
6
6
6
6
2 -9632
1 -9632
6
1 -4011
4
1 -1713
5
2 -7508
4
2 6637
4
2 -3475
4
2 8080
6
5
2 678
6
6
6
6
6
6
2 -3497
6
5
1 -3497
4
2 2169
1 2169
1 2169
3 2169
6
6
2 -877
6
3 -877
2 723
2 3725
2 3024
6
4
2 9089
5
4
4
6
2 -6632
6
1 6418
3 -6632
6
2 1942
3 1942
2 1916
5
2 -6346
1 -6346
5
2 1794
6
3 1794
2 2742
1 2742
1 2742
1 9093
5
6
2 9323
3 9323
2 -7298
6
3 -7298
2 -3846
3 -3846
6
2 -5296
3 -5296
2 7981
1 -8323
3 7981
2 -263
2 -9346
5
1 -356
5
2 4692
1 7813
1 4692
6
6
2 -1262
5
3 -1262
2 3262
2 872
1 3262
2 -8520
6
5
1 872
5
5
2 3889
2 4557
5
3 3889
2 -6805
1 -6805
2 -3013
4
6
4
2 -5906
5
2 -8703
6
2 6314
5
5
2 8357
5
2 -1608
4
6
2 -459
2 -7433
4
1 8276
5
2 -5696
5
2 -3541
1 -3541
6
6
5
6
2 7165
6
4
2 2907
2 4640
5
3 2907
2 962
4
2 -8078
3 -8078
2 -97
1 5902
4
6
2 5430
1 -731
4
2 -8848
5
2 6705
6
1 -25
4
2 9998
1 -4975
4
2 -2966
1 5584
1 -2966
4
2 2315
1 2315
5
2 -9767
4
6
6
2 -9638
6
4
2 -65
3 -65
2 -604
3 -604
2 696
1 4027
4
2 -9620
4
2 -9581
2 -449
3 -449
2 9875
6
1 -2133
5
5
2 6601
6
6
3 6601
2 -5489
4
2 8614
4
2 -8771
6
1 -8771
1 -8771
2 -6072
2 2773
1 -4948
5
6
5
3 -8771
2 -6663
5
2 -2851
5
2 -4911
4
6
2 -4633
6
6
6
2 -9045
5
6
1 -9045
6
4
2 -7749
5
2 9331
4
2 2785
4
2 -8490
3 -8490
2 1226
1 -3568
3 1226
2 1069
5
2 -3834
3 -3834
6
2 -5731
4
2 -9931
4
2 269
1 269
5
6
2 5983
4
2 571
5
2 -2734
1 -8962
6
3 -2734
6
6
2 3388
6
6
4
2 957
6
2 -9504
1 -454
4
5
2 -1659
4
2 2856
2 1080
5
3 1080
2 3301
6
1 3301
3 3301
2 -696
5
2 -3361
4
2 5137
5
2 -3791
3 -3791
2 -1452
6
3 -1452
6
6
6
6
2 3867
6
5
2 -5512
6
6
5
2 -5355
5
2 -7902
2 -2102
2 -3362
5
3 -3362
1 5089
3 -7902
2 -9651
1 -9651
4
2 6202
4
2 -8890
4
2 -7773
3 -7773
2 -322
1 -322
5
2 -4021
6
6
3 -4021
2 -6759
4
2 -8108
2 6093
1 6093
1 -7925
6
4
3 6093
2 8098
2 -9675
6
6
1 -7917
6
1 8098
6
2 -1339
5
2 6389
2 6119
4
4
5
5
6
2 6801
5
2 -6543
5
2 -8573
2 6078
6
6
6
1 -8573
1 6078
4
6
6
3 6078
2 -1609
1 -1609
1 -8467
5
2 619
1 619
3 619
2 -9974
1 -9974
3 -9974
6
2 4406
2 3957
5
6
4
2 6282
6
2 4114
3 6282
3 4114
2 -6620
5
2 9692
3 9692
6
2 4650
5
2 298
4
2 -2162
1 -9420
5
2 1319
5
2 -8758
4
2 -1326
4
2 7977
3 7977
2 1764
6
5
6
2 3609
2 7570
4
4
2 8733
1 8733
6
5
2 749
5
2 -965
3 -965
2 1500
4
2 1956
6
1 -4324
3 1956
2 -5552
1 -4624
3 -5552
6
2 5276
4
2 -6990
2 6161
6
4
6
4
2 -1048
2 9478
5
5
2 -4652
4
2 9400
1 5829
2 2309
2 -7279
6
4
3 9400
5
2 -5758
5
2 -7953
4
2 5054
4
6
6
6
2 3496
2 6664
3 3496
6
2 -9421
3 -9421
2 9493
4
3 9493
2 6499
2 2511
5
1 -4164
3 2511
2 1469
4
2 -3031
3 -3031
2 -7075
2 -8313
3 -7075
1 2309
1 -8313
2 -5202
6
5
2 9664
1 -8313
2 -4874
5
1 4933
1 853
4
6
3 -4874
2 4156
6
6
2 1718
5
5
2 9933
4
2 -4288
4
6
2 5328
2 -9980
2 7516
5
6
4
4
2 -8572
5
2 -1101
5
2 -59
1 -771
2 -9908
4
3 -59
2 -1704
4
2 -4140
4
2 -8621
3 -8621
6
6
2 8063
6
4
2 6068
5
2 -8119
6
4
2 6496
3 6496
2 -2556
5
2 -1154
1 -7964
4
2 -5900
5
2 7387
3 7387
2 -1079
5
2 1120
3 1120
2 -2100
6
2 3066
3 -2100
1 -127
6
5
6
2 5643
2 6540
5
3 5643
6
2 115
3 115
2 -1558
4
2 7344
1 7344
5
6
2 -6077
1 -6077
6
4
2 4612
4
2 -5540
3 -5540
2 -5624
3 -5624
2 -1236
1 4151
6
1 -1236
2 6417
6
2 9089
4
1 9089
3 6417
2 -4648
3 9089
5
6
2 8474
5
2 2092
5
2 -8665
6
3 -8665
2 5994
4
2 3930
3 3930
2 7328
6
3 7328
2 -3829
3 -3829
2 7223
6
3 7223
2 -7327
2 2006
1 535
4
1 9037
5
2 -5766
2 -3179
3 -3179
1 -5766
4
6
2 -4513
1 -4513
1 -4172
4
2 7013
5
2 5177
5
2 -3076
6
3 -3076
2 9756
1 -3693
1 9756
3 9756
2 -9916
5
2 -6789
3 -6789
2 -8865
5
6
2 -5731
3 -5731
2 6749
6
5
2 7960
6
2 -7367
5
2 6894
2 -1987
1 -557
4
1 6894
6
3 -1987
1 -1856
3 6894
6
2 -4474
5
2 -6552
6
5
6
6
2 792
3 792
2 -80
5
2 8113
6
1 8113
2 -4924
4
1 8113
2 -7717
5
5
2 -8621
5
6
2 -3755
1 -3755
2 -389
2 -1127
6
2 7224
4
6
6
5
6
5
3 -1127
2 -6520
2 -7721
5
1 -7721
3 -7721
6
2 676
2 9986
2 3787
5
2 -3022
5
3 -3022
3 676
2 7889
3 7889
2 -6138
6
3 -6138
2 210
5
2 5218
1 5218
1 -5275
2 3804
2 3201
6
1 8868
6
2 7194
4
6
4
3 5218
2 -5134
2 -9521
2 2627
2 4622
3 -5134
5
4
6
2 8706
3 2627
2 -5558
2 -2062
4
4
6
5
6
5
2 1915
4
2 7302
4
6
6
6
2 7426
5
2 8912
1 -4718
2 280
3 280
4
2 -4945
1 -7514
5
6
2 -2744
2 -7150
5
2 475
5
5
2 -3112
3 -3112
2 -1731
2 -8506
3 -8506
2 7254
1 -452
3 -1731
3 7254
2 -4370
6
6
1 -4370
5
2 -7108
3 -7108
2 2723
2 6379
2 6629
6
5
6
6
3 6379
6
6
1 -1787
1 7763
4
6
2 -2785
3 -2785
2 6166
5
2 1529
3 1529
6
6
2 2322
2 9016
3 2322
6
5
2 -8000
4
2 3449
5
2 7878
5
2 8959
3 8959
2 -4699
2 2054
1 6989
6
4
6
3 2054
2 9608
6
6
6
3 9608
2 -3465
4
2 -6273
3 -6273
6
2 4636
1 6733
3 4636
2 5318
2 3589
2 9076
4
6
4
1 9076
3 9076
2 3588
6
3 3588
2 1960
1 4826
2 4655
4
3 4655
2 -7796
2 4672
5
1 -5164
3 -7796
2 -9711
3 -9711
2 -1008
6
6
5
2 5930
3 5930
2 2362
3 2362
2 -8929
3 -8929
2 -5369
1 957
3 -5369
2 3206
5
2 4114
3 4114
2 3569
1 3569
1 -5482
4
2 -3087
6
4
2 -45
6
4
2 2068
4
2 1619
1 4218
2 -6485
4
1 5039
1 1619
6
4
2 -6826
2 5930
3 -6826
3 5930
2 -8359
4
6
2 5832
1 -1605
1 5832
6
1 5832
1 5832
3 5832
2 8718
5
6
2 -4553
6
5
2 -2517
3 -2517
2 -7697
4
2 9248
1 -6781
5
2 2189
1 5870
2 175
3 2189
3 175
2 -5262
4
2 -7922
4
6
2 -9627
6
3 -9627
6
2 -2969
4
2 786
6
1 786
2 -1924
5
1 -1736
5
2 7783
1 7783
6
6
4
2 -3130
2 -3307
3 -3307
3 -3130
2 -1113
2 6686
2 6458
6
6
5
6
2 4833
5
2 -9200
5
4
1 4093
5
2 5438
6
2 -50
1 -50
3 5438
5
2 5763
2 5674
6
3 5763
3 5674
2 -7071
3 -7071
2 5975
1 5975
2 -5250
5
6
6
6
2 6621
5
1 -5250
3 -5250
2 8055
1 4256
2 -8942
3 8055
3 -8942
2 -1174
6
3 -1174
2 9027
5
2 6523
6
4
2 108
1 -1002
2 2106
2 5965
4
1 3620
4
2 -9144
5
2 4829
4
5
2 2621
1 -7536
4
6
2 6077
3 6077
6
2 -8500
4
6
2 -1082
6
5
6
2 -5133
1 5941
6
2 1171
4
6
1 1171
3 1171
2 5952
6
6
1 5952
4
2 -9618
3 -9618
6
2 -4141
2 3483
1 3483
6
5
4
2 -7865
1 1182
5
2 7967
6
6
3 7967
2 3204
5
2 -3239
5
2 -7748
5
2 -9338
5
2 -9423
2 855
1 -7784
5
3 -9423
2 733
2 -4845
6
6
6
4
1 733
6
2 936
1 936
4
2 -992
1 -9655
3 936
3 -992
6
6
2 -7417
5
6
2 -3165
6
1 -8356
2 8758
5
1 -3165
3 -3165
2 8350
6
5
2 -555
5
2 -8088
3 -8088
2 -1553
4
2 -4267
5
2 239
5
2 5773
3 5773
2 7803
3 7803
2 -2764
1 -2764
4
2 -6754
2 859
2 -3259
3 859
1 -6754
2 8088
5
6
3 -6754
3 -3259
2 4802
2 -2695
2 -4423
2 8896
1 -2678
3 8896
3 -4423
5
6
6
3 -2695
6
2 6867
6
2 -7323
6
6
1 8697
6
3 -7323
1 8692
1 1489
3 6867
2 4277
4
2 92
3 92
2 5484
3 5484
2 1115
5
2 -3257
1 8372
5
2 6092
2 135
5
2 -756
4
5
2 1153
3 1153
2 2015
2 660
5
4
6
2 -4382
1 -4382
6
3 -4382
6
2 1686
1 1686
4
2 3516
6
4
2 2003
4
2 6853
4
6
2 6234
3 6234
2 4633
3 4633
6
2 -1434
3 -1434
6
2 9068
2 -9671
4
6
1 9068
1 9068
2 713
4
5
2 9503
3 9503
2 -4195
3 -4195
2 -8056
5
2 -7212
1 -7212
6
6
4
6
2 6499
3 6499
2 482
2 -3834
5
1 -3834
3 -3834
6
2 3024
1 6016
1 3024
3 3024
2 -561
2 -7479
5
5
2 6464
5
2 8665
1 328
6
6
2 6379
1 -6485
2 1011
5
5
5
2 -677
4
2 -3085
5
2 -6164
2 9858
5
2 9105
1 -9959
4
2 841
2 -8740
2 1268
2 -4907
3 -8740
2 3276
5
5
1 1268
2 3073
4
1 841
5
1 1268
4
1 6454
6
4
6
2 5252
2 2318
4
3 5252
2 4654
3 4654
2 4660
6
2 -8071
1 -6136
6
5
4
2 6599
3 6599
6
2 500
6
5
6
2 7782
5
2 4428
2 -4434
2 -1368
4
5
2 543
2 -4891
5
1 -4891
3 -1368
1 -4891
3 -4891
2 7693
3 7693
2 9418
4
2 -2608
2 -5785
4
2 9977
3 -2608
5
2 -8467
4
2 -4017
2 9384
3 9384
5
6
2 6045
1 6045
3 6045
2 8019
3 8019
2 2812
1 2812
5
2 -8427
2 -859
5
5
2 6331
3 6331
2 -1341
2 -8849
2 7189
1 -1341
3 -8849
1 -1341
4
5
2 -3338
5
2 3119
1 1875
5
2 3683
3 3683
2 3994
6
4
2 -4702
1 -8061
3 -4702
2 -8588
4
2 1617
4
2 8955
3 8955
2 7581
6
4
2 5538
1 5538
2 -4862
1 4479
1 -6095
4
5
2 1382
1 -3216
5
2 -8673
4
2 2743
1 6042
4
6
2 4799
3 4799
6
2 -3570
5
2 -6479
5
2 7462
1 7462
5
2 9083
1 -6111
5
2 -2146
6
1 -2146
1 -2146
5
2 -9785
6
3 -9785
2 -1712
3 -1712
2 -5430
1 2767
1 -3051
1 9948
6
3 -5430
2 6529
3 6529
2 -3515
4
2 -1046
6
4
2 3887
1 -2291
1 3887
3 3887
2 7962
1 -471
3 7962
2 -7749
1 -7749
5
2 2681
4
6
2 4095
3 4095
2 -2080
5
2 -1176
6
6
4
2 5092
6
5
2 -1899
5
2 -5763
4
6
2 6644
6
5
2 6935
1 6935
1 3454
6
1 6935
5
2 -6849
5
2 -7200
4
2 1513
3 1513
2 -919
4
2 8621
4
2 1347
3 1347
2 7125
2 -5686
1 7125
6
2 1469
2 -9233
5
1 -9233
1 1469
3 -9233
6
6
1 1469
6
6
4
2 1480
2 -2163
6
6
6
1 1480
3 1480
6
6
2 1478
3 -2163
6
5
1 1469
3 1469
2 -5765
4
6
6
2 -2216
6
3 -2216
2 7914
3 7914
6
2 -9508
1 -9508
3 -9508
2 4830
3 4830
2 -5449
4
2 8247
1 8577
4
2 -8431
6
1 -8431
4
2 -9484
2 -5829
2 4903
3 4903
2 7168
1 -9484
4
5
2 7846
2 6301
4
6
6
2 -4371
6
3 -4371
3 7846
4
2 -5510
4
2 2256
4
2 -7547
1 -7547
5
2 88
4
2 -5557
3 -5557
2 4251
6
1 4251
4
2 512
2 2677
3 512
4
2 474
3 474
2 1677
3 1677
2 -5209
5
2 -6167
5
2 -8497
2 8597
2 3360
1 3360
6
4
5
2 -8017
1 6364
4
1 5543
6
3 3360
6
2 5779
4
2 8465
3 8465
6
2 -1761
4
2 1050
4
2 -8443
3 -8443
2 8521
1 8521
3 8521
2 -7634
5
2 9217
3 9217
2 -8538
4
2 5843
5
2 1117
5
2 585
4
6
2 -6240
1 -4673
4
6
2 -9444
6
1 -8406
2 1873
1 1873
4
4
6
6
2 8383
6
5
2 5744
3 5744
6
2 3036
1 3036
3 3036
2 8140
4
6
2 9026
4
2 -1063
6
3 -1063
2 4601
6
1 4601
4
6
6
2 5851
2 -6926
3 -6926
1 5851
2 -4301
2 4582
2 76
2 -9727
4
2 1847
6
5
1 -2652
2 9309
6
1 -7972
1 4582
3 9309
3 4582
4
6
5
1 6873
1 76
1 76
4
2 7941
3 7941
2 6156
3 6156
2 4236
6
2 -4644
1 4236
5
3 -4644
2 -1667
3 -1667
2 -2927
6
5
2 6698
6
1 6698
5
2 -5250
5
2 -5926
6
2 -5517
1 -8326
4
6
5
2 57
5
2 -8639
5
2 -3755
2 8247
1 -3755
2 1834
3 -3755
6
5
6
4
6
2 1798
3 1798
2 -5818
5
2 -2288
3 -2288
2 -6057
5
2 -3434
4
2 9772
5
2 3826
1 3826
2 1009
1 -3819
2 4597
1 3826
5
1 3826
4
3 3826
2 5621
6
3 5621
2 7376
5
6
2 -7879
3 -7879
2 8557
3 8557
2 -4911
1 -4911
4
6
2 4599
6
4
2 -1807
3 -1807
2 -3564
1 -8053
6
6
2 -7254
2 3708
4
4
5
2 3018
6
2 2007
3 3018
4
2 -2459
4
6
2 -8653
3 -8653
2 5000
2 1856
5
6
3 1856
2 3610
5
2 4466
1 -6568
2 7359
1 4466
1 7359
4
1 7359
3 7359
6
2 7004
4
2 -4820
4
2 15
1 15
3 15
2 2348
6
4
2 3258
4
2 3065
3 3065
2 -2896
5
2 5068
2 -1953
4
5
2 4525
4
6
6
2 694
2 -9836
4
2 -8550
5
1 -2565
4
2 9438
2 1557
3 1557
1 9438
3 9438
6
2 -975
3 -975
6
2 9542
3 9542
2 7487
5
2 4841
1 -4938
4
2 3645
4
2 2733
2 -3479
2 7580
2 5307
2 9726
2 -4531
6
4
4
2 8933
4
5
3 8933
5
3 5307
2 -5296
3 -5296
2 -3958
1 -3958
3 -3958
2 1884
5
6
2 -4927
1 -6708
5
2 8060
3 8060
2 1117
6
5
2 -5384
2 -3852
3 -5384
6
1 -3852
6
6
6
1 -3852
4
2 -7162
4
2 552
1 552
2 -9318
3 -9318
1 -4100
5
2 2776
5
2 -6939
3 -6939
2 -2731
2 152
2 1900
6
1 -1043
1 -2731
5
5
4
6
2 3496
3 3496
6
2 -2676
6
5
2 -3478
5
2 -4238
5
6
2 -1591
3 -1591
2 9646
4
2 6325
1 -4462
4
2 -5744
2 1325
6
3 -5744
3 1325
2 -1962
3 -1962
2 9756
6
3 9756
2 6994
3 6994
2 2762
5
2 2368
3 2368
2 -7321
1 -7321
3 -7321
6
6
2 -5229
3 -5229
6
2 4032
2 -3817
5
2 4268
3 4268
3 -3817
2 3741
2 4302
1 4302
5
2 537
5
3 537
2 7076
3 7076
2 5784
6
1 2103
6
2 4693
4
2 3094
4
6
3 5784
6
2 -6397
6
4
2 8434
3 8434
2 1026
5
6
2 9855
1 9855
4
6
2 281
4
2 -6494
1 6657
1 5699
6
6
5
2 2803
3 2803
2 -5901
4
2 3103
6
5
2 699
5
2 -7666
3 -7666
2 1513
6
3 1513
6
2 4634
6
4
6
2 -1294
3 -1294
6
2 9012
4
2 -8079
4
2 -5795
6
3 -5795
2 4763
3 4763
6
2 5787
5
2 -4061
6
1 5359
2 -4110
5
1 8979
4
2 9418
5
2 4438
2 4162
5
4
2 -3346
5
2 -7609
3 -7609
2 -1313
2 -699
5
2 -4216
5
2 1350
5
5
6
2 7292
6
1 7292
2 -9365
1 -9365
3 -9365
3 7292
2 -179
5
2 1909
6
6
5
6
2 8209
4
2 -6983
6
1 486
2 -7979
6
6
4
6
2 -7536
5
3 -7536
6
2 1247
1 4413
5
2 -5380
3 -5380
2 -5437
2 4911
5
3 -5437
6
2 5932
1 -813
4
2 999
3 999
2 2774
6
1 -5512
5
2 -6157
4
2 4736
5
2 102
1 102
2 -4034
2 -647
3 102
6
5
5
6
6
2 5267
4
2 -7838
1 7443
2 3984
6
5
3 -7838
2 2762
3 2762
6
2 5625
3 5625
2 -1393
3 -1393
6
2 9159
5
2 -9333
5
2 3406
2 7742
6
