100 100
-2663 -1025 -2725 -6348 -8016 -8099 3751 3064 6390 -8960 -6741 -5708 3897 33 -8396 -2723 3834 279 -766 4349 7683 4081 -9351 9926 -2881 -4676 -3214 -7666 -8929 -5270 9938 -1095 505 -1802 7152 9595 1292 -8373 7858 -5436 8891 -3188 2929 -1785 5926 3879 8715 2906 4407 1716 3590 616 8393 -2574 386 7611 2877 -8652 -9259 5884 5225 -4447 -8782 4701 -2077 -8890 5584 9411 -4416 -7499 -2113 -6552 7763 -4787 7613 -3007 9950 2170 -4735 -8420 6926 5350 -2072 -5375 5250 -7646 -2002 6234 -6709 -8106 -4336 -4389 -5599 -2282 -7463 5191 -8692 -6162 -6918 -7589
6
1 2877
1 9488
5
2 -6495
2 -6361
6
5
6
6
3 4081
5
3 -1785
2 6418
5
2 4276
2 7481
4
4
5
5
6
3 -7463
4
1 -4735
3 -8396
5
4
4
3 -7499
1 7611
2 -6303
1 2316
2 -2116
1 1228
4
4
5
1 -1390
6
6
3 -2077
2 -9702
6
3 -8373
3 -5436
1 -3259
2 -3777
1 5350
1 1501
1 9193
5
6
4
6
3 -2723
4
4
4
4
5
6
1 -5599
5
1 4259
5
1 -2282
5
2 2679
1 -1371
2 -1250
3 5884
5
5
2 -6884
4
4
3 2906
4
1 -6918
4
3 -3007
2 8800
1 -9438
6
4
6
3 -2282
6
3 -1095
2 2847
3 -6741
5
3 4276
5
6
3 2679
1 5225
6
