100 100
8723 -8933 4053 5812 8942 -9514 -3247 5157 6098 -907 -4750 -8873 7061 6059 740 -7507 -1809 1834 -8540 3775 -5456 9765 1635 2504 3803 -707 -1405 4969 -4277 -68 1881 -5643 4972 -2156 4406 2295 -8550 9101 -9868 -2279 -5610 -3612 -76 7574 1997 -2130 301 7989 4766 4287 5400 -7871 9154 639 6446 -4875 -2651 3528 -2189 -8791 -8960 6272 -132 9879 -7640 7481 -7348 -5096 2596 8587 2260 9703 -5096 -6300 -6835 4468 -4549 -3744 1425 4196 3568 4601 -1957 -999 -5298 7100 -4153 -6085 -1251 4933 -86 -4596 -4289 -4230 5733 1389 749 4244 -2671 -9836
6
6
1 867
1 -7871
6
1 2798
2 -2090
6
6
2 7042
2 9729
2 -7944
1 6036
2 -5552
2 7737
6
2 7651
2 6052
6
1 639
1 6098
1 6059
6
2 5894
1 5028
6
2 1246
6
2 5015
2 760
6
6
6
1 8942
6
1 9284
6
2 -9184
1 1246
1 -520
1 9570
1 6272
1 1828
1 4468
1 7061
6
2 5196
6
6
6
6
2 4667
6
6
6
1 -1288
1 1425
2 2512
6
1 -7701
1 301
2 3899
1 9101
6
2 6630
2 3256
2 1191
2 -922
2 4639
2 9240
2 -7250
6
6
6
2 3279
1 9756
6
6
1 9514
2 -9466
6
2 554
1 2993
2 9848
1 3803
6
1 -2796
1 -9184
6
1 4766
6
6
2 -8439
6
6
6
1 -8803
2 635
6
