100 100
-4383 -4832 -6153 9859 1318 -4617 -8980 7586 6748 1447 -7110 3022 4393 8936 1393 -8046 -5232 4573 5427 9983 4798 4480 9797 -4263 1592 3879 1250 8309 6803 5020 2721 -3632 -6821 4185 -5001 -8646 -3858 -3770 8678 4049 1802 8321 2324 -8365 9837 -8302 -4578 189 -2683 -8377 9005 -4209 -6735 8499 1811 -3920 -84 -8599 2969 9597 4049 -7453 1316 -3613 6110 -4666 -4483 3291 5342 756 -8777 -4328 -4227 9051 3783 -4983 6821 2843 -6911 2995 -6121 -2298 -6500 3849 185 -499 7484 -6754 1324 7098 5571 9917 -1988 7449 -477 -9600 -4821 2661 -2500 -6825
6
6
3 4393
6
3 -4983
1 3879
6
6
6
1 1318
1 -4263
6
1 -7453
1 8678
1 -1909
3 -6121
6
6
6
3 -4328
1 9859
1 9005
1 -9521
6
6
1 3819
6
1 -8271
6
3 9597
3 1592
1 3069
3 -4821
6
3 9917
1 -4263
1 -3770
1 1393
6
1 -571
3 -4383
6
3 1324
6
3 756
1 -8056
6
1 -3088
1 -6825
3 4480
1 2259
6
1 6110
1 7484
1 4792
6
1 1098
3 9797
1 6048
1 5389
1 6208
6
6
6
3 -4263
6
3 -4578
1 -8377
6
6
1 2455
1 -6153
3 -3613
1 5648
6
6
1 8499
3 1316
3 6803
6
1 3097
6
1 -2088
3 -5001
6
6
3 2969
1 -7775
6
1 9863
1 -7659
3 8936
1 5020
3 -7453
6
1 2661
3 1250
1 1811
1 668
