1000 100
-1239 -4246 9930 -3332 6587 -5671 -7589 -3546 -6968 5366 775 547 4384 1245 -5996 1996 -4738 -6871 7659 -8909 7140 8454 -1472 -7108 1919 9755 9658 43 8672 2023 -5547 5029 -7230 -325 -1343 5096 4145 -7843 -7000 6852 1774 6056 4468 1602 3303 -4870 2211 -2453 -8537 -2840 2473 -8827 8480 -6811 -8365 -3249 9408 1094 6125 3439 -9579 5096 3804 -9668 -7460 -792 2343 -9091 -2562 4047 4286 -3858 7101 9280 -8941 6808 -3799 1219 3506 3088 7784 5485 -4025 6984 -7504 -7114 -6526 -8676 -2652 8962 -9975 -8194 3499 378 8697 -1023 5035 6819 919 8812
1 5096
6
4
4
4
4
5
4
2 5122
6
3 6808
2 -5399
2 -8986
6
6
3 -7230
1 -9568
5
1 -7108
5
1 9834
1 -1023
2 -1949
6
4
3 775
6
5
4
1 -3311
6
4
4
5
5
5
3 4286
5
4
5
5
3 5485
5
3 -8365
5
3 -1023
6
1 -4870
2 -7457
3 2473
1 3088
4
5
5
5
1 1774
2 7837
1 -3858
6
4
3 43
4
3 -6526
4
5
1 2800
4
1 -2652
5
1 1219
5
2 4434
2 444
4
5
1 2343
4
3 3303
5
4
4
6
1 -1910
4
2 9977
2 5382
4
2 -240
3 1094
3 -3799
4
3 1996
3 -5671
4
3 5366
3 6125
1 9977
6
2 1312
2 7643
1 8389
1 5035
3 -1472
5
3 -240
1 -3689
6
3 1602
5
4
2 -252
1 3912
5
6
5
2 2802
6
6
1 -3249
3 3088
6
1 -6956
4
4
1 -8755
1 2211
4
5
5
5
1 1919
5
5
5
2 -5689
6
5
2 -4833
5
2 9940
4
6
1 6158
3 1245
5
5
4
6
2 1970
3 547
2 -6131
5
5
5
5
3 1312
5
6
4
1 6343
6
5
2 4030
5
3 -1343
4
5
5
2 7146
4
4
1 1970
6
4
5
6
3 -3249
1 7026
3 378
4
4
4
4
6
4
1 2023
6
2 3869
1 3320
6
6
4
3 1970
3 919
1 1919
3 3869
2 5856
2 1513
2 -4698
1 -1274
2 4910
3 -792
6
3 444
1 5856
6
3 1219
3 5856
1 -1239
5
5
6
2 153
3 -4698
6
1 1513
5
5
4
5
1 153
4
3 153
6
1 -8855
6
4
2 6375
2 -4739
2 -5055
4
2 9447
3 -4739
2 1683
1 -7193
1 9447
6
5
4
4
2 -4108
6
2 3443
4
3 3443
2 8883
3 8883
2 8865
2 8136
4
3 8865
6
2 -7387
3 -7387
2 5749
1 4495
6
1 6687
2 1740
3 5749
4
2 -4294
6
4
2 1926
2 -361
1 -7019
1 -361
3 1926
1 3757
5
2 8654
5
6
6
2 -1442
2 7521
2 2196
3 -1442
5
5
2 5622
1 5622
4
2 -996
1 -996
5
6
2 9148
6
6
1 9121
4
2 -4468
6
1 -3694
2 677
6
5
3 -4468
2 4380
5
2 -7563
1 -7563
6
5
2 6509
5
2 -9352
2 -3923
5
3 -9352
2 -438
4
2 -6547
4
2 1859
1 1720
4
2 426
6
5
2 -9532
4
6
6
2 -4336
2 -6575
3 -6575
4
2 6222
3 6222
2 1764
5
2 8258
5
2 7972
6
3 7972
2 8176
1 -7591
2 -8794
2 -5015
4
5
1 -6958
4
6
2 -4345
5
2 -5408
1 -5408
5
2 6390
1 -7710
5
2 -6173
3 -6173
6
2 5010
4
2 -6440
1 206
5
6
6
2 -8313
1 -8313
2 -694
4
5
2 -6994
2 -1472
1 -6994
6
3 -1472
5
2 -3612
5
2 3266
2 -4958
3 -4958
5
2 6123
1 6123
5
2 4035
6
2 6378
2 9857
3 6378
3 4035
3 9857
2 -2576
3 -2576
6
2 -2663
4
2 -9172
4
2 8863
4
6
2 -6931
4
2 3162
1 3162
2 -8285
5
5
2 -4284
2 -6629
6
4
2 -4361
5
3 -4361
2 7157
3 7157
2 -6291
2 -8330
5
2 -5442
6
2 6677
3 -8330
4
4
2 606
2 6132
3 6132
1 -9886
2 -6075
1 8297
6
2 2443
4
3 2443
1 -6128
2 4367
1 4367
6
1 -8085
4
4
2 -3383
6
2 -9668
1 -9668
3 -3383
2 -8116
2 -9719
1 -8116
3 -8116
5
5
2 -7313
2 -6314
4
6
5
6
2 8733
1 1584
4
2 4565
2 -5512
2 9857
6
2 -6513
4
3 9857
5
3 -5512
2 3621
4
6
2 -1621
5
6
6
2 8274
6
1 8274
5
2 -5919
4
2 -8025
5
2 2119
4
2 -9629
2 8666
2 205
2 4203
1 4203
3 205
5
2 -6910
4
4
4
2 -4193
4
2 9898
5
2 -1759
4
2 -713
3 -713
2 -2055
5
6
2 -4367
2 -4551
2 -7428
4
3 -4551
6
3 -4367
2 5374
4
2 -5425
6
3 -5425
2 -9227
4
2 6003
6
6
3 6003
2 9876
6
5
2 -1116
6
5
2 -8911
6
5
2 -4620
3 -4620
2 -5478
1 -5478
2 8273
3 -5478
5
2 9839
6
2 4635
6
3 9839
1 4635
3 4635
2 -4000
5
2 1394
5
2 -6722
3 -6722
2 67
2 -6297
5
5
2 8395
4
2 5914
6
4
2 7366
2 2598
1 -9350
6
3 7366
3 2598
2 -6558
2 -6861
2 -4048
6
6
4
1 318
6
3 -6558
2 1144
4
5
2 -2179
5
6
2 -998
5
2 -1018
1 -1018
1 -7548
3 -1018
2 -153
3 -153
2 853
4
6
2 4963
1 4963
4
2 9012
6
2 6067
5
2 2415
1 2415
6
6
6
5
3 2415
6
6
2 8982
3 8982
2 -9624
1 -2757
4
2 -3623
1 -3623
4
2 -9688
3 -9688
2 2004
1 -5587
4
2 9561
4
6
2 -3873
1 -1017
4
6
6
2 -5846
4
2 -2016
1 -6565
3 -2016
2 7306
6
2 5687
5
1 5687
4
2 -3619
1 -837
3 -3619
2 6346
2 3777
2 -7367
2 9867
2 9053
5
5
4
2 3180
1 3180
4
6
3 6346
3 3777
6
2 7771
6
3 7771
2 6772
2 7829
5
5
2 6211
4
6
2 2777
3 2777
2 -1702
2 2176
3 -1702
2 -7435
5
1 -7435
1 3482
6
6
5
2 -9584
3 -9584
2 8876
2 3037
5
1 3037
4
2 9779
1 9779
5
2 778
5
2 593
2 656
5
1 593
3 593
2 9679
2 4274
6
6
3 9679
1 4274
5
2 -5210
4
2 -8147
2 -113
6
1 -113
1 -7237
4
2 -5407
1 -3278
2 -5809
2 8070
5
6
5
3 -5407
6
6
6
4
6
2 -1530
3 -1530
6
2 893
6
6
1 4080
3 893
2 8893
5
2 -2098
6
2 1362
3 -2098
4
2 -5613
2 3797
2 -7577
1 -8676
4
5
4
2 1890
3 1890
6
2 1164
6
1 1164
2 5972
2 9601
6
6
1 -3820
2 4914
1 -7607
4
3 4914
5
3 5972
2 -5587
6
1 -5587
3 -5587
6
2 -3688
1 -2716
1 5600
5
2 7497
4
6
2 5043
5
2 -699
4
2 -4957
5
2 -7237
5
6
2 -440
1 -9695
6
4
2 9654
2 8102
6
1 9654
1 4529
3 8102
3 9654
2 -1179
2 -3933
1 -3933
1 -1179
6
1 -2405
4
1 -1179
5
2 -6344
6
1 -1231
5
6
6
2 -3018
5
2 -800
2 6725
2 -4464
2 646
3 6725
5
5
1 -1547
4
2 2577
5
2 -5635
5
2 -7866
5
2 5298
6
2 -1151
4
1 5298
3 5298
2 7986
4
2 3636
4
2 3800
2 5844
6
2 3620
6
2 9535
4
4
6
3 9535
5
6
2 4140
3 4140
2 6199
1 6199
6
3 6199
2 4111
6
6
3 4111
6
2 135
2 6331
2 4315
3 6331
5
1 -6603
4
6
2 4222
1 6093
2 7384
6
3 4222
2 -3549
2 -9286
6
2 8796
4
5
1 2064
5
2 -405
4
4
2 8562
6
5
2 -1597
3 -1597
6
2 -2039
3 -2039
2 -8125
5
6
2 7129
1 7129
3 7129
6
2 -4069
1 -4069
5
2 -1524
2 -513
2 9462
2 9886
3 -1524
1 -3320
4
1 9886
2 4877
4
4
4
2 8711
6
4
2 9712
6
6
2 -2049
2 -2327
4
2 3009
4
5
6
2 5484
5
2 948
6
6
1 3009
2 8615
4
1 -8604
5
6
1 3009
4
2 1778
4
2 -8342
4
2 -2047
1 -2047
3 -2047
2 -4468
4
2 -9592
1 -9592
5
2 3109
6
5
6
6
2 -2012
4
2 -8145
4
2 740
3 740
2 -7295
2 5278
3 5278
6
3 -7295
2 -553
6
5
2 2349
4
6
2 219
6
4
2 -3531
1 -3531
5
2 9809
6
5
2 -6931
1 -4579
4
2 -1212
2 8236
2 2027
