100 100
1959 87 -1616 -7639 -3473 1621 -7706 -7672 8491 -1929 4507 7738 -2212 8808 -1255 8176 -519 -8374 6456 4098 1092 5315 9658 -8169 2251 961 5673 6086 -756 7584 5976 -9963 2230 -1749 9081 9067 5410 -4019 -2503 2696 4297 527 -1026 -6540 1146 -6290 -7019 -6501 -1572 4294 -2314 -4181 7872 -4253 -9857 6459 8128 -585 -4692 1226 8802 -3672 9396 -5996 -4559 304 -9687 1189 5562 -3838 4670 -8201 9488 5697 8562 -5600 -9439 8269 -343 6673 -4165 7086 9339 -6555 -5065 6308 198 8912 -153 -8438 2797 -4528 -5319 2307 -9695 5718 4187 3342 9917 8632
1 -9002
2 -961
6
2 9386
6
6
2 1180
2 1784
1 8700
1 5673
5
2 -7529
6
6
1 1959
2 -4201
2 1414
1 -9687
6
6
1 -2503
2 6244
6
5
1 -6501
1 6459
1 -6355
2 -5793
1 -2524
1 -7496
5
1 3566
5
5
6
5
6
1 8224
6
2 8225
1 2333
5
5
1 2797
6
5
5
2 -4821
5
6
1 -7706
5
1 6244
5
1 -5658
1 -9439
1 3342
6
6
6
5
1 6086
5
5
5
6
1 -9857
5
5
2 9233
6
1 6244
2 -4813
1 -519
2 9643
1 5410
1 8302
6
5
1 -9442
2 8668
1 2385
1 685
5
2 -2114
6
2 5808
5
5
2 4177
1 2696
2 1946
2 8526
5
6
2 6120
6
1 1226
1 -5270
