100 100
6433 9280 -8426 3320 -701 5049 -4416 -6216 3698 4077 -6963 -6046 5143 -4706 -7594 2410 7409 -7376 -9769 7047 8046 -1484 8700 5827 -7216 3811 -6202 3335 5622 -2767 2904 -9241 4544 5033 8616 6158 3749 -211 8412 -4915 4770 -4542 -2569 5477 6368 8758 5327 3223 -107 8060 4685 9596 -9240 6409 7840 2045 5203 -58 -3980 -2320 -2692 2246 9765 -4738 7401 -9112 7746 8507 -8939 -8087 -4611 3764 77 -4605 -3587 -9069 -4494 5301 295 -8594 6519 -1957 -8834 -9434 -5359 6034 4879 1534 -9275 3778 1678 -1518 -9436 -4935 -1618 -8628 -5384 -2161 -6254 6883
6
4
4
4
6
4
4
6
1 -2161
4
6
6
6
4
1 -4832
4
4
2 -9836
6
1 7401
4
6
1 -6202
1 6102
1 8014
4
6
1 -1518
2 -4439
6
6
2 3869
2 4250
6
2 -2422
4
6
2 -3500
1 7135
2 -3800
1 2895
1 9803
2 8621
4
4
6
2 5382
2 2303
6
6
1 3820
1 -3800
1 -3800
4
4
4
2 1490
2 -7657
1 4752
6
1 -4643
6
2 5584
6
1 6883
4
2 -8128
6
1 5301
6
4
4
4
2 5219
4
4
1 -1468
4
4
1 -1717
4
6
6
6
2 -1005
1 -5073
2 -9881
6
4
6
4
2 272
2 -5783
1 -8244
2 8541
2 -8019
4
4
6
