5000 100
-2667 -9423 -2074 -5193 -3477 -2423 2595 1727 -8316 -2564 8049 -3659 1742 165 -2820 2864 -5239 4800 -6312 2004 -8701 2177 -5040 3228 -173 -1367 4595 -1944 -1685 -6073 3315 -929 7143 -3343 934 -816 8076 -607 -2330 8109 353 234 -9794 -9875 1802 -4275 -7380 1104 9457 252 277 -3870 -4682 5571 9112 -4430 4928 152 9660 -9214 -3033 402 1614 -3961 -5820 6103 -6616 4796 -1116 2034 -6322 4865 -6784 3797 5161 -2305 -1510 -1908 -9829 -2700 -8290 -6200 7605 -8457 6208 -7722 8737 6519 -561 3372 2471 3617 -1210 -837 2501 -4152 3008 6420 -9862 3039
2 -8921
6
5
4
5
4
2 -8048
4
2 -2832
3 -2305
5
5
4
6
1 -6312
3 -2700
2 565
4
5
1 6103
6
1 -9718
2 -8656
6
4
6
4
5
5
2 -9885
5
2 -4787
5
4
3 -6322
5
3 -1210
4
2 -8837
5
1 4595
1 -2105
2 7572
1 -7722
2 1280
6
1 3905
6
5
5
5
5
1 3315
5
6
2 8979
2 6381
1 3871
1 -6260
1 3617
1 5396
3 -8290
1 -873
5
2 -812
5
1 -2820
6
4
1 165
3 1802
5
1 -7569
4
1 7557
6
6
6
6
4
5
5
2 2149
3 4796
5
6
6
4
2 782
5
3 2177
3 -7722
1 5104
6
1 -2832
4
5
2 -6326
4
2 -7396
2 -2940
3 3039
5
1 2629
3 782
6
3 1280
6
2 -2215
4
3 2864
3 1614
4
4
3 -1510
4
5
4
1 -4430
4
3 234
6
2 -2207
6
3 -2667
3 -2820
4
4
5
1 670
3 -561
1 277
5
5
2 -6393
1 6055
5
3 -2832
3 -4787
6
5
1 -5570
6
4
3 -4275
1 9142
4
5
1 1727
2 7713
6
1 8377
1 3558
6
6
1 -999
5
2 -7279
3 -2215
5
1 7816
2 9619
3 -1685
4
2 930
6
3 2004
3 -2074
1 -1367
2 -4626
6
5
2 3188
6
3 -3477
6
3 3188
6
3 930
1 -7784
4
6
4
1 -929
3 -929
5
3 -837
5
6
4
1 -1944
4
2 9844
3 -4152
6
3 402
5
2 694
1 -3033
4
3 -3343
3 -2940
2 -293
2 -3395
4
4
4
3 -812
3 353
1 1104
1 -6814
2 -5543
1 -4410
2 248
1 -293
6
5
3 252
2 -9552
3 565
3 -1944
2 -5505
1 152
2 9208
3 9208
4
6
3 -1116
6
6
6
1 5220
2 -2024
1 694
1 -1908
6
6
3 152
4
6
6
1 -8012
2 6447
6
1 -6354
6
6
5
5
2 1117
2 -7531
1 -1367
6
6
1 6161
4
4
6
2 5801
2 1022
3 -2207
1 277
5
6
1 -3515
5
3 -2330
3 -2423
2 2917
5
4
1 -173
1 5438
4
4
4
2 1669
4
6
4
6
4
5
3 694
3 -607
5
2 -5636
2 8797
1 -2250
1 -7007
4
6
3 8797
1 -293
6
4
3 277
3 165
5
1 -173
3 -173
2 -9831
5
6
2 -1706
6
3 -1706
2 -9188
6
1 -9188
6
1 1348
4
2 -1915
6
2 2063
1 2063
6
3 2063
5
2 893
1 -6402
1 -3478
2 -9480
1 4966
4
1 893
5
2 5443
4
2 1446
6
6
2 4417
5
2 -9606
1 -5697
5
2 6735
4
6
2 -427
2 9188
2 2967
1 2967
4
1 2967
4
4
4
2 6681
4
2 5689
4
2 -7293
4
2 8630
2 5631
6
1 8630
4
5
2 -1041
2 5004
5
6
5
2 -1508
2 -8594
6
2 -1642
3 -1508
4
3 -1642
2 5307
6
2 6912
1 5307
1 573
3 6912
5
2 -7815
6
3 -7815
2 5375
2 7274
1 5375
5
1 -3119
6
5
2 6264
6
6
2 -2387
5
2 3921
1 3921
4
5
2 9486
3 9486
2 -1178
1 -6258
6
4
2 8574
6
3 8574
2 -165
4
2 6508
2 6916
1 3527
3 6508
2 -9335
6
5
5
6
2 -4786
3 -4786
6
2 -6301
1 -3504
6
1 -9869
2 9728
4
4
2 1185
6
3 1185
2 6045
1 5039
3 6045
2 -8051
3 -8051
6
2 7046
4
2 6773
5
2 9140
3 9140
2 7196
5
6
2 -8596
4
2 -3048
6
1 -6342
5
2 -5015
1 -5015
3 -5015
2 -5383
2 6828
2 -4193
2 6163
3 -4193
4
4
4
6
2 -6868
5
2 3846
2 -7295
4
4
6
2 -7218
6
1 -7218
4
2 7720
3 7720
2 -4375
2 -3886
6
4
4
2 -4477
2 -6656
4
2 -7455
3 -7455
3 -4477
6
2 -7576
6
2 -7566
3 -7576
1 1568
1 -7566
1 -7566
3 -7566
2 2552
5
2 3548
1 3548
3 3548
2 5450
5
2 5039
4
6
2 4891
2 -4680
3 -4680
5
2 2986
5
2 -5737
6
4
2 3837
3 3837
2 -7591
1 -7591
5
2 358
3 358
2 9214
5
2 1226
2 -8377
5
6
3 -8377
2 -5034
2 5431
6
5
2 8195
5
3 -5034
2 9107
5
6
2 -5372
4
2 3992
5
6
6
2 4053
5
2 -8922
5
2 -800
6
3 -800
2 1084
6
4
2 8969
4
6
2 -9516
3 -9516
6
6
2 -5737
1 -5737
5
2 1678
4
2 -9864
6
6
6
5
2 -1924
3 -1924
2 7849
2 -9194
2 746
2 2737
4
4
1 7849
6
4
5
2 -8747
4
2 -6345
6
3 -6345
2 835
2 1512
1 -7462
3 835
2 -3307
5
4
2 7944
3 7944
2 1785
3 1785
6
2 8319
3 8319
2 -6538
4
2 -2655
1 -3257
4
2 72
6
6
4
6
2 -4285
3 -4285
6
6
2 8685
5
2 9712
5
6
2 -290
3 -290
2 -1084
6
1 -1084
1 -1084
4
2 8458
2 -7684
6
6
3 -7684
4
2 -6158
1 -6158
4
2 -4266
2 2458
1 -4108
2 -7428
5
2 220
2 6628
3 -7428
2 -5908
5
5
6
5
3 -5908
2 -1707
4
2 -8115
4
2 2357
6
4
2 -8560
4
2 9227
5
2 4782
4
2 -3819
2 -1857
6
2 -3682
1 7580
6
6
1 -7770
4
5
3 -3682
2 9962
1 4237
2 -9309
5
3 -9309
2 41
4
2 -2523
3 -2523
6
6
2 9794
6
2 2192
3 9794
1 2192
3 2192
2 3150
5
2 -6737
3 -6737
6
2 -9210
2 1382
3 -9210
6
4
6
2 -1535
4
2 -9899
1 -9899
6
3 -9899
2 7201
2 5090
3 7201
4
2 910
5
2 5542
4
2 -9109
6
2 -764
4
2 -8939
6
4
2 384
3 384
6
1 9291
4
6
2 9199
5
2 -6843
3 -6843
6
2 8957
1 8957
2 -1511
6
2 7744
5
4
3 7744
6
2 -6295
5
2 -963
4
2 2369
5
2 5026
6
3 5026
2 3940
5
2 -5266
2 -1690
5
1 -5266
2 7089
6
3 -5266
6
2 -9160
6
2 -8781
3 -9160
2 9146
2 -507
3 -8781
2 7945
5
6
4
4
6
6
6
1 -6138
5
2 -5044
6
4
2 1937
6
2 7660
5
4
2 9188
2 -8868
1 936
1 1301
2 -1870
5
6
4
1 -1870
5
2 2767
6
6
6
4
2 -4613
1 -8042
4
2 2496
6
1 2496
6
2 8721
6
3 2496
4
2 -5835
5
2 4208
4
2 9146
3 9146
2 3903
4
2 -5380
2 -2374
3 -5380
4
2 9524
4
2 -6639
2 -3549
6
6
3 -6639
6
4
6
2 -4079
1 -4079
5
2 -2258
6
4
2 3539
1 3539
1 3837
1 3539
6
3 3539
2 8812
4
2 -1626
3 -1626
2 -6146
2 -2416
3 -6146
4
2 3106
2 -8766
2 -7227
4
2 9954
6
4
4
6
6
3 9954
2 -2371
5
2 -5842
3 -5842
2 9902
5
2 5970
2 -5672
2 2719
2 1831
5
5
1 1831
6
4
4
6
2 -7501
6
5
6
2 -7740
3 -7740
2 -6598
1 -6598
4
2 -5415
3 -5415
2 1321
2 -6383
2 -7198
3 -6383
1 -965
5
3 -7198
2 3311
4
2 1639
3 1639
2 873
2 6199
2 -3630
3 -3630
5
4
6
2 9297
3 9297
2 120
4
6
2 9114
1 9114
4
6
6
2 -2303
5
2 8767
3 8767
2 -4210
3 -4210
6
2 7915
2 -7434
4
4
2 2931
3 2931
2 9074
1 9074
4
2 -9980
3 -9980
2 6934
2 3899
5
3 3899
2 -6092
1 -269
2 -5574
5
5
6
2 8111
3 8111
2 -7944
3 -7944
6
6
2 8664
1 -28
3 8664
2 5473
4
6
2 -1107
5
2 4809
3 4809
2 -4654
4
2 -6636
3 -6636
2 -4707
4
2 7425
4
2 -569
6
1 6498
1 -569
5
2 -9240
5
2 -6289
4
2 -871
3 -871
2 -3693
6
4
2 -2872
5
2 -6591
4
2 -8109
5
2 -2032
6
2 3091
4
2 9813
4
2 3681
5
5
2 9612
5
2 -8129
2 4833
6
4
5
2 5426
4
6
2 4021
6
3 4021
6
2 2930
1 2930
4
2 1403
3 1403
2 6890
3 6890
2 6966
1 4075
5
2 8140
4
2 2466
2 -7207
2 -1807
4
4
1 2466
1 -2826
5
2 -981
1 -981
3 -981
2 -8077
5
2 4529
2 3626
6
3 4529
1 3626
1 3626
2 -6600
3 3626
5
2 8616
6
3 8616
2 2183
5
2 6772
4
2 5022
5
2 -9193
2 -53
6
5
5
2 -3022
2 -4008
2 2672
5
2 -2819
6
5
2 799
2 5222
4
4
4
1 5222
4
2 7575
2 -3563
4
1 -4596
2 1597
5
3 1597
2 9778
1 -1841
6
6
3 9778
2 5182
6
5
2 -3631
5
2 2292
3 2292
2 8297
1 8297
1 -90
1 -5473
4
2 902
2 -1180
6
3 -1180
2 2998
2 -5176
3 902
4
2 -5443
3 2998
3 -5443
2 -2637
2 3339
1 2687
2 -1798
5
5
3 -2637
2 -7382
6
5
2 -6224
1 -4390
3 -6224
2 -6449
4
2 -1705
6
6
3 -1705
2 7806
2 7513
4
4
2 -377
3 -377
2 85
3 85
6
6
2 5137
2 -4307
1 5137
3 -4307
1 5137
6
4
2 1629
3 1629
2 7463
5
2 -475
3 -475
2 4059
3 4059
2 -177
6
1 6332
5
2 -5091
1 -5091
5
2 -5211
6
1 -9638
1 -6153
1 -5211
4
2 -34
2 417
6
5
3 -34
6
2 9539
3 9539
2 -8236
2 -8891
2 -2340
5
6
5
5
6
2 -2354
3 -2354
6
2 -3053
1 -3053
5
2 5677
3 5677
2 1945
6
2 -3665
5
5
2 -4681
1 8701
3 -4681
2 7141
1 5306
4
2 7777
2 -4173
6
5
2 -9858
5
2 -64
6
1 -9858
2 -4662
6
4
5
4
2 -5600
2 -2878
3 -2878
4
2 9112
2 3952
4
4
2 1846
2 -2324
4
6
2 5932
2 -5735
2 -7852
5
5
1 -7852
4
3 -5735
2 9569
3 9569
2 2552
3 2552
2 -1373
3 -1373
6
2 623
5
6
2 -202
1 -202
2 -4207
6
4
5
2 -6901
6
3 -6901
2 -6283
4
6
2 -161
3 -161
2 -8908
2 4768
2 -7710
6
3 4768
4
6
1 -7710
1 7238
6
6
3 -7710
2 -1659
4
6
2 -7383
5
2 2768
3 2768
2 -9985
1 -5000
5
2 -5592
5
2 4153
6
3 4153
2 -5990
4
2 -4319
2 8605
6
2 9042
4
6
2 -9713
1 -9713
6
5
4
2 2716
6
1 8545
1 -6157
4
6
2 5467
2 8592
3 8605
1 8592
1 6080
4
6
4
2 -4638
3 -4638
2 9288
6
4
2 -9241
6
5
2 7330
1 7330
6
3 7330
2 2135
5
2 7994
3 7994
2 8355
6
4
2 4221
6
2 -6251
5
4
2 2495
4
2 -5566
6
1 -5566
1 -8315
4
2 1956
1 1956
2 -8486
2 -5508
3 1956
6
3 -5508
5
2 -7476
1 -6051
1 -7476
6
2 8613
6
3 8613
3 -7476
2 7095
1 7095
5
2 7733
1 7733
2 8984
3 8984
3 7733
2 9190
1 8730
5
2 7645
3 7645
2 -6847
6
2 2811
6
2 7655
1 -8769
3 7655
5
2 4108
6
3 -6847
5
2 9731
5
6
6
2 6806
3 6806
2 7418
3 7418
2 3197
6
3 3197
2 -8812
3 -8812
2 -4285
1 -4285
5
2 249
4
2 8383
5
2 4825
6
5
2 8980
6
4
6
2 -1088
4
2 9248
2 -2275
2 2261
5
2 8595
2 -4115
3 2261
4
6
2 -6785
1 521
5
2 8298
5
3 -6785
2 -5859
4
1 -9855
4
2 6543
5
2 520
3 520
6
6
2 -5478
6
2 -7797
1 -5478
1 -7797
4
2 567
2 3423
4
1 567
2 -8729
4
2 163
5
1 163
4
6
1 567
3 567
6
2 7977
2 -2322
5
2 4492
1 4492
6
2 -8107
5
4
1 -2322
1 4567
6
5
2 -9295
5
2 -4757
3 -4757
2 6086
2 2639
5
5
2 -7515
4
6
2 -587
6
2 -4605
1 -4605
2 8549
2 -2878
2 -4005
5
5
3 -2878
1 4771
4
1 -4005
5
2 -7569
1 2290
6
3 -7569
2 4608
2 1484
4
6
1 -3381
5
2 9746
4
2 -7859
4
2 -3687
3 -3687
2 -8305
1 -8305
1 -5048
5
2 -817
1 7225
3 -817
2 9912
6
1 9912
5
6
2 -3658
6
5
6
2 2757
3 2757
2 555
1 555
6
1 555
5
6
2 -7215
5
6
2 -7296
2 1906
4
3 1906
2 1794
1 1293
4
2 5206
5
2 2715
3 2715
2 1062
5
2 -7897
2 4985
3 4985
6
3 -7897
2 1605
3 1605
2 2295
4
2 9229
6
1 9229
2 -5350
3 -5350
3 9229
2 7393
5
2 671
6
5
2 -5277
3 -5277
2 -8001
6
3 -8001
2 -8981
6
6
6
4
2 7239
2 9276
5
2 -6947
3 7239
2 -5297
2 1317
6
4
3 1317
5
2 -9379
5
2 -1263
2 -9203
4
5
2 -3559
1 -3559
3 -3559
2 7808
1 7808
2 5158
4
1 2251
2 -8636
4
4
6
2 -7290
2 7211
3 -7290
3 7211
2 -9743
1 -9743
3 -9743
2 -5345
1 -5345
1 -2407
5
2 6206
3 6206
2 -2754
3 -2754
2 -3446
1 -2389
3 -3446
6
2 -8756
2 6292
4
2 8113
1 5987
2 3856
2 -4063
5
2 -9599
6
3 6292
3 -9599
4
1 5982
2 -2923
1 -2923
5
1 -9713
5
2 5389
5
2 2794
5
2 1943
6
3 1943
2 -5191
4
2 2342
2 6744
1 6744
6
1 -2597
6
5
4
2 8626
3 8626
2 -3532
2 7877
6
2 5186
6
4
3 5186
6
4
2 -7587
3 -7587
2 8905
3 8905
2 2692
2 -1155
2 -212
1 6718
1 -6171
3 -1155
3 -212
4
2 -4085
1 -6823
1 -4085
5
2 2143
2 -9406
6
6
6
2 8105
4
2 -3849
3 8105
6
5
6
1 351
6
1 -3849
1 8663
3 -3849
6
2 -2587
1 -2587
2 2526
3 -2587
6
6
1 2526
2 -4621
5
1 -4621
4
2 -6773
1 -6773
2 9236
2 -9677
4
6
1 -6773
2 -293
5
4
3 -293
6
2 -2681
5
2 -3624
3 -3624
6
6
2 7194
2 6632
1 -3693
1 7194
4
6
3 7194
2 -2715
5
6
2 -6920
6
4
2 -7849
1 -1955
4
2 -4761
4
2 2469
3 2469
2 -9639
2 9475
6
3 9475
4
6
2 -2627
1 8516
1 -6937
2 -6963
2 -8310
2 3454
1 -8975
5
1 -8310
6
6
4
4
2 -1077
1 -2627
5
1 -2627
4
2 8537
2 -5234
6
2 -1099
3 8537
3 -5234
4
2 -7914
5
2 8417
4
2 2089
6
3 2089
2 -8196
4
6
2 -3365
5
6
2 -4027
2 -6852
6
6
6
6
1 2130
1 -4027
5
1 -6852
5
2 745
4
2 -2509
6
5
6
6
2 6913
4
2 8906
3 8906
2 -720
4
2 -4938
3 -4938
2 9233
1 9233
2 8932
4
1 9233
6
3 9233
6
2 1341
4
2 9989
3 9989
2 -3148
5
2 -4934
1 -4934
4
2 -1727
1 -1727
3 -1727
2 -6066
2 3753
5
6
2 -9950
4
3 -6066
6
2 -2046
3 -2046
2 -7820
3 -7820
6
2 4507
1 4507
2 1117
1 -5568
5
4
6
2 -8054
1 -2051
5
2 -3670
4
2 -5868
2 -6396
1 -6396
4
6
6
3 -5868
2 -9702
5
2 8091
6
1 -5440
5
2 -2806
3 -2806
6
2 862
5
6
2 6202
1 -6094
4
2 -7976
5
2 9736
4
2 -1078
3 -1078
6
2 -8986
3 -8986
2 -41
5
6
2 -6062
1 6946
2 154
2 -62
2 8597
4
1 154
2 -4824
1 154
4
1 -9248
4
1 8597
4
1 8597
1 -7209
3 8597
2 6811
4
2 -1727
5
2 1179
2 6594
2 -805
4
1 1179
5
3 1179
6
2 -3057
6
6
6
6
5
2 -8014
5
2 -5570
3 -5570
2 -1178
2 857
5
1 -1178
4
2 -7686
2 7857
6
4
5
2 4540
4
2 -6948
4
2 6267
4
2 -9541
1 -9541
6
5
2 4007
3 4007
2 -504
1 -9673
4
6
2 -7520
3 -7520
2 5163
4
2 -5098
3 -5098
2 -6919
2 -6706
5
2 7561
2 -7171
2 -8028
5
6
4
4
3 -6919
6
6
6
2 -7162
6
6
5
6
2 -6077
3 -6077
2 3903
4
2 6800
3 6800
2 1714
3 1714
2 -5401
1 -5401
2 -3603
6
2 -9867
3 -5401
4
4
2 2400
4
2 -1743
4
6
2 4190
2 -7346
2 5673
6
5
6
4
1 4190
2 234
4
5
2 6172
5
2 -6047
2 5375
5
4
2 -502
2 2447
2 -6286
6
1 -5025
5
5
6
1 -9489
6
2 4
2 -1654
3 -1654
5
3 -6286
2 -7398
6
5
2 3320
2 -9974
2 7250
5
6
3 3320
6
1 -9974
5
2 3045
3 3045
6
6
2 8362
2 4389
5
1 -4790
2 -2172
3 4389
5
6
2 270
6
4
2 -1498
1 2936
2 -911
4
1 617
1 -3223
5
2 -5643
2 -5433
1 -5433
3 -5433
1 -5643
5
2 8856
5
6
2 -1343
1 3509
6
4
2 -1519
6
1 -1519
5
2 6171
1 6171
4
6
2 7206
4
2 586
4
2 -5814
1 -5814
4
2 -9200
5
2 -1967
2 5012
1 6571
6
6
4
5
2 -854
5
2 -1247
3 -1247
2 7233
5
2 5717
5
2 6365
4
2 -1715
5
2 1183
2 -8830
3 -8830
4
2 9188
2 9546
3 9188
2 -6024
2 337
3 9546
1 -6024
4
4
6
2 -4014
4
2 -3038
1 -3038
5
2 8621
4
2 -5855
6
6
4
2 664
1 664
1 664
4
2 1350
6
2 1847
5
5
2 4882
5
2 3976
5
2 -3115
1 -7583
6
2 363
1 -5218
4
4
2 7550
2 8385
6
4
3 8385
2 -1904
3 -1904
2 -6704
5
2 -1373
2 -3457
2 -8530
5
6
5
4
2 -9137
4
2 -7633
3 -7633
2 7596
1 -3292
6
5
2 8596
1 -8988
2 -3654
5
2 1364
6
2 569
4
1 1364
5
1 -6942
5
2 1226
6
4
2 8547
6
6
3 8547
2 -2800
5
2 -9442
1 -8716
1 -2747
2 -9557
6
2 433
2 7389
4
6
1 -4186
4
6
5
6
6
4
2 -9165
1 -9165
2 -9251
5
6
3 -9251
2 4908
3 4908
2 -9812
4
2 5045
1 5045
3 5045
2 8208
4
2 9132
5
2 -6646
2 9408
4
1 9408
4
2 -5512
2 -2475
6
3 -2475
6
2 -7047
4
3 -5512
2 -1744
1 -1744
4
2 2963
5
2 3468
1 -7269
4
2 -8481
1 -1288
4
2 5380
5
2 9086
1 3672
1 -3691
3 9086
2 6671
3 6671
2 -258
2 2102
4
6
2 -4707
6
6
4
2 -901
1 -901
2 4659
2 -9619
2 -3710
6
6
6
4
1 -901
5
1 3484
4
3 -901
3 2102
2 2184
6
6
3 2184
6
2 -2624
2 4109
1 2963
1 -2624
4
1 4109
2 -7002
5
5
6
6
2 -6701
1 -6701
6
6
5
6
2 3516
6
4
2 -7130
2 2368
5
4
2 -6147
4
2 -2688
3 -2688
6
2 8178
5
2 1879
2 -8934
5
6
1 -536
6
6
5
2 -4597
4
6
2 8910
3 8910
6
2 -1900
5
2 4090
4
2 -8113
2 -755
4
4
2 4216
5
2 -5027
1 -6470
5
2 -6771
3 -6771
2 870
2 -8012
5
5
6
2 6376
1 2684
6
6
2 9161
6
2 -5227
2 8820
1 -5227
5
1 8820
4
2 -9486
4
2 930
3 930
1 7842
3 8820
4
2 -106
6
2 8954
4
3 8954
2 7774
2 -2940
5
3 -2940
2 -3948
6
6
3 -3948
2 812
4
2 1106
4
2 8980
3 8980
2 4001
4
2 -1821
3 -1821
6
6
2 -7863
4
2 -1170
3 -1170
2 4882
6
1 4882
5
2 -4375
6
2 2536
4
2 -688
6
4
2 -2024
3 -2024
2 -7645
5
1 -7645
6
3 -7645
2 -9261
1 -9261
3 -9261
2 9157
5
2 6980
1 6980
2 2439
4
1 -3023
6
3 6980
2 -922
4
2 3664
5
2 4483
3 4483
2 3317
3 3317
2 -2821
4
6
2 -4920
2 6364
4
3 6364
2 1904
5
2 2863
3 2863
2 1334
6
4
6
2 -2123
2 2251
5
3 -2123
2 3445
4
2 -469
2 643
3 -469
3 643
2 861
6
1 861
3 861
2 317
5
2 -7192
1 9464
6
4
2 -2588
2 5420
4
6
6
6
3 5420
2 -4938
3 -4938
2 -671
1 -671
6
5
2 2533
2 -7927
6
2 -6504
6
6
5
3 -6504
6
4
2 3072
6
2 5509
5
5
2 5418
5
2 -8721
1 5313
4
6
2 9036
4
6
6
2 3428
5
2 -2590
1 -2590
6
4
2 3227
6
2 -3081
4
4
2 -3113
1 -3113
2 -5759
6
5
5
2 61
5
2 4420
6
1 -6035
4
2 -7515
6
6
6
6
3 -7515
6
2 28
5
6
2 -305
6
2 -5150
5
4
6
2 -1935
1 -9744
2 6298
2 -5089
2 -8385
1 5407
6
4
6
2 3973
6
3 6298
2 3663
2 -511
6
2 -1705
3 3973
4
3 -1705
3 -1935
6
2 5609
6
1 1981
6
3 3663
2 6061
1 -511
1 -511
4
5
4
2 -6424
4
2 1768
5
2 8484
5
6
2 -7015
2 -6128
3 -6128
4
2 2085
5
2 1529
3 1529
2 -9306
5
2 8773
3 8773
6
2 -8990
6
6
5
2 -9389
6
4
2 220
3 220
2 -3241
3 -3241
6
2 7621
5
2 -6450
3 -6450
2 -7907
6
5
2 -2973
5
2 670
2 -9526
4
1 7565
3 670
2 7916
5
2 -2377
3 -2377
6
2 9822
6
1 9822
4
2 -8969
1 -8969
1 -8969
1 -8969
5
2 -3602
6
6
2 -408
3 -3602
4
2 8563
2 2993
3 2993
6
1 8563
6
5
2 1480
3 1480
2 6696
4
2 3652
6
6
3 3652
2 -7184
5
2 -3250
6
1 -3250
4
2 -4724
2 6928
1 -4724
5
4
2 -8972
1 -8972
5
2 -1442
3 -1442
6
2 -7859
6
6
4
2 -7638
1 -7638
5
2 -6718
1 -1806
2 6017
1 6017
5
4
2 9228
1 -3913
1 8860
6
1 3682
2 7616
4
3 9228
2 -6412
5
2 -9614
5
2 9498
1 9498
2 -9966
2 9175
2 -9044
2 7819
2 8232
5
2 -6929
4
6
6
4
4
4
5
3 8232
2 4347
3 4347
6
2 5467
3 5467
2 -7004
4
2 1882
2 -4303
6
4
1 -86
5
2 6490
6
3 6490
2 -8989
5
2 1765
4
2 2227
5
2 -5332
4
2 -4711
6
1 -4711
1 6835
4
2 -5914
6
4
2 8772
1 6786
4
2 8821
5
2 8835
5
2 8452
4
6
2 8803
2 -5758
5
4
2 6050
1 -8988
6
4
2 -147
2 -4735
4
3 -147
2 1736
5
2 442
1 442
5
2 3375
1 3375
5
2 -9363
6
4
2 1818
2 7588
2 -5301
6
6
6
4
2 -7277
3 -7277
5
6
1 6162
5
2 142
2 -6415
2 6096
6
3 142
6
4
3 6096
2 4920
3 4920
2 -4123
4
2 -8254
2 6465
5
5
2 3226
5
6
2 6823
2 1441
1 1441
1 -683
5
4
2 6601
6
1 8286
3 6601
2 6261
3 6261
2 6405
5
2 1168
1 1168
6
2 -8013
2 -1540
1 5086
2 -5692
4
5
1 -5692
6
3 -1540
2 9749
1 5366
2 -2763
3 -5692
6
2 -1877
5
5
2 -4959
2 5537
6
2 -6914
1 -4959
3 -2763
5
6
6
3 -4959
1 -6914
3 -6914
2 -2355
1 -2355
1 4231
5
2 -3598
6
1 -3598
6
6
3 -3598
2 90
3 90
2 8173
1 -6623
4
2 9430
1 -6620
2 9589
3 9430
5
2 -1536
5
2 -2502
5
2 -6316
3 -6316
2 638
2 6190
6
3 638
2 9143
6
5
2 1317
4
6
2 9897
2 -3043
5
6
2 -4587
5
1 -3567
3 -4587
6
1 -1323
3 -3043
2 2878
1 8753
2 3205
4
6
6
6
3 3205
6
6
2 -1488
2 5212
2 -2917
6
3 5212
2 -1107
1 -1107
5
6
3 -1488
2 -552
6
4
6
5
2 9686
3 9686
2 566
4
2 80
3 80
2 -7112
5
6
6
6
2 -2840
6
4
2 -9325
5
2 7868
4
2 3148
6
6
4
2 5675
6
1 5675
6
6
6
4
2 -964
6
5
6
2 7680
4
2 -2195
1 -2195
4
6
2 795
4
2 4476
5
2 -3677
4
6
2 -3068
3 -3068
6
2 1412
6
5
2 8768
6
6
1 5094
6
2 9143
2 -7540
2 6563
1 -3882
3 -7540
4
1 9143
4
6
1 9143
5
2 3788
1 7273
3 3788
2 2653
3 2653
6
2 1237
2 -9629
4
1 -6452
4
2 1860
5
2 5402
4
2 5308
6
1 5308
6
1 5880
5
6
2 5157
4
2 -4677
3 -4677
2 3164
5
2 -8192
3 -8192
2 -4878
4
2 2955
2 5845
6
6
2 6549
2 -5884
5
5
5
1 -5884
4
2 -2065
6
3 -2065
2 -5212
1 -5309
4
6
2 8925
6
1 8925
6
4
2 -3250
6
6
2 -2552
4
4
2 4056
6
1 7172
2 5997
5
5
2 -2682
2 -6896
1 -2682
1 -6896
2 987
5
6
5
6
2 -824
3 -6896
5
2 4866
4
2 -5704
2 -876
1 8892
3 -5704
5
2 -4333
6
6
4
2 6559
2 -8302
1 8251
4
3 6559
6
2 -9916
5
2 -4567
6
3 -4567
2 833
1 -7032
1 833
2 9995
6
3 9995
3 833
2 -2182
6
6
1 -2182
3 -2182
2 4287
4
2 3601
6
2 -6667
2 -9614
3 -6667
1 -9614
2 431
5
1 -9614
5
4
2 8259
6
6
3 8259
6
2 111
5
2 873
5
2 6561
1 1212
5
2 -2128
6
4
2 668
4
6
2 -625
2 -9645
1 455
1 6439
5
2 9291
4
5
6
2 7284
1 -9
2 -324
2 -2834
3 -2834
4
1 7284
3 7284
2 9134
2 -7962
4
2 -2024
6
4
1 6800
2 -8141
2 7164
5
4
6
6
5
2 -6171
3 -6171
2 2014
4
2 3789
6
1 3789
6
1 9851
3 3789
2 -1582
4
2 -2108
4
2 -2618
1 6249
4
2 1691
2 6208
2 -1659
4
1 6208
4
2 -9954
1 6208
4
4
2 -8876
6
1 -9669
6
2 3078
5
5
2 -6468
6
4
2 -263
6
3 -263
2 -333
1 -6597
4
2 -8503
1 -5702
3 -8503
2 -9167
5
2 -356
5
6
2 598
4
2 -2191
5
2 2062
1 2062
1 2062
6
6
5
2 3696
4
2 5721
2 -7512
6
2 5396
3 5721
2 -6214
4
5
6
4
6
2 -2887
1 1613
3 -2887
2 -1582
3 -1582
2 -3227
2 -8649
5
6
6
2 1542
1 -5053
2 8815
1 970
5
4
2 5314
5
4
6
6
2 -6183
3 -6183
2 4031
6
5
2 3339
2 -5899
6
1 -5899
2 -9284
5
4
3 -5899
2 -7232
1 -7232
1 5656
1 -7232
5
2 -689
1 -2690
1 28
3 -689
6
2 4541
5
2 1150
4
6
2 295
1 295
6
3 295
2 5495
6
1 -2993
6
2 5734
6
6
6
1 5521
5
1 5495
5
2 6554
5
2 -8798
4
2 4096
3 4096
2 -1519
1 4939
3 -1519
2 576
1 -1681
5
2 7136
5
6
2 4936
1 772
2 -3674
1 4936
2 -9799
3 -9799
2 -8161
1 -8161
3 -8161
3 -3674
4
2 -1856
4
2 -1760
3 -1760
2 -3420
5
6
2 2973
4
2 2568
6
3 2568
2 3827
5
6
2 -6281
5
2 -4446
6
4
2 -804
1 -3491
2 -7799
2 -9535
2 2789
4
5
5
4
2 -7286
2 3637
2 6766
5
6
4
5
2 3189
5
2 3064
4
2 -1197
2 -8900
6
5
5
2 1922
2 -1571
4
1 -412
4
2 -4241
6
3 -4241
2 4106
1 -1477
1 -2511
2 -2040
6
6
1 -2085
2 6807
5
1 4106
6
4
3 4106
6
6
2 -5646
4
2 -2484
5
2 9836
2 -9402
6
4
4
2 7160
4
6
6
2 14
1 14
6
1 14
2 -7345
5
2 1099
1 1099
5
6
1 -6946
5
2 2381
6
4
6
2 1955
6
5
2 228
3 228
2 -3833
1 -1519
3 -3833
2 8110
5
2 9611
4
2 7489
2 -5369
6
1 8613
4
4
2 -3596
4
6
2 3149
1 3149
3 3149
2 -1244
6
2 4787
6
3 -1244
6
5
2 2549
5
2 9793
4
2 -438
6
4
6
6
2 -5241
1 -5241
5
2 5100
1 5100
6
4
2 -3271
1 -3271
3 -3271
2 6676
4
2 5047
4
2 6825
3 6825
2 -3740
2 -6462
5
4
2 -6592
5
2 5764
4
2 4324
3 4324
2 31
2 -1805
4
5
6
2 -2532
4
2 8535
4
2 4348
1 -7125
5
2 7804
1 -6071
4
2 8458
1 8458
6
5
6
2 4732
1 4732
2 -5170
3 -5170
1 662
2 -1528
1 -1528
2 -8710
4
4
4
2 -3698
1 -3698
3 -3698
2 8768
6
3 8768
2 -452
5
2 7674
3 7674
2 -1606
5
2 -1344
3 -1344
2 6612
1 6612
3 6612
2 -3574
4
2 7228
3 7228
2 -7281
1 -7281
1 -7281
3 -7281
2 780
3 780
6
6
2 -4207
3 -4207
6
2 1194
2 -1169
3 1194
5
2 7384
5
2 -3372
6
4
2 -5280
3 -5280
6
2 -6419
2 4252
1 4252
2 -2194
4
2 -7079
1 4252
5
4
6
6
5
6
6
2 4691
3 4691
2 -9371
4
2 -3155
2 -6042
4
6
6
3 -3155
6
6
2 -1313
6
3 -1313
2 6508
1 -3903
6
1 6508
1 6508
4
2 -3744
5
2 -3793
5
2 8621
6
5
2 -8636
3 -8636
2 -7192
3 -7192
2 9382
4
2 -9836
6
6
5
2 -4821
1 -4821
3 -4821
2 6838
6
2 4128
2 -4664
2 -3947
2 7307
2 -7098
4
1 4128
3 7307
1 -4664
2 -6955
6
2 -6430
4
2 -5047
2 8744
2 5910
6
2 2413
4
6
3 -5047
4
2 -123
3 5910
2 -9289
3 2413
2 -2961
6
5
2 5107
6
1 5107
6
3 -2961
6
1 5107
6
5
6
3 5107
2 7997
4
4
5
2 -248
6
1 -5743
1 -1939
3 -248
5
1 7628
5
2 -8628
3 -8628
2 -7003
4
2 -5002
2 427
6
5
4
2 1627
6
5
2 -8983
1 -8983
6
5
2 -4514
3 -4514
2 6470
3 6470
6
2 -4377
2 6084
6
1 6084
6
5
2 2652
4
4
2 2818
1 8876
4
2 3963
6
5
2 8839
3 8839
2 -8739
3 -8739
2 8460
4
2 -3438
4
2 4316
6
5
2 -2485
4
2 -441
4
2 -2277
6
2 -88
6
6
5
3 -2277
2 -9612
3 -9612
2 -4759
6
2 8561
5
6
3 -4759
2 8629
4
6
2 -6948
6
3 -6948
2 -6353
4
2 -2322
2 6048
1 6048
5
2 22
4
5
2 -4918
2 9522
5
6
2 -9412
4
3 -4918
2 6823
5
2 -3603
6
6
2 -7188
4
3 -3603
2 1086
6
4
2 9998
1 9998
5
2 5245
1 967
4
2 3838
5
2 4652
1 4652
4
6
6
2 9452
1 9452
2 4269
5
3 4269
2 -132
1 -4501
5
2 -2528
6
3 -2528
2 1518
3 1518
2 -2243
4
2 8837
4
2 -4736
6
5
2 -9606
2 -6525
4
6
5
6
2 7571
1 -5649
5
2 -5558
6
4
2 4418
3 4418
2 3227
3 3227
2 -7118
2 -7608
1 -7118
1 -7118
3 -7608
6
4
2 9444
1 9444
3 9444
2 -7234
4
6
2 3990
1 -3048
5
2 -836
1 -2425
2 -2118
6
2 5336
5
2 8894
5
6
4
5
2 6462
3 6462
2 -4963
4
6
2 -5821
4
2 -9434
4
2 6363
4
2 2621
5
2 3386
6
3 3386
2 -6640
1 -3976
1 -6640
5
2 -3217
5
2 388
2 -7447
1 388
5
2 4914
3 4914
6
2 3308
2 971
3 -7447
5
1 971
4
2 3696
4
2 2539
3 2539
2 737
3 737
6
2 1534
2 5291
1 1534
5
5
2 -5717
3 -5717
2 -1964
6
1 -1964
1 507
5
2 3257
6
4
6
6
2 -8497
5
2 -6794
3 -6794
6
6
2 1669
1 1669
6
4
2 4001
1 4001
2 6581
5
3 4001
2 2745
5
6
2 8713
1 8713
5
2 5213
5
2 6864
1 1841
2 -2903
5
3 -2903
2 -8358
1 6921
5
6
2 -2381
4
2 -1615
4
2 -3636
5
2 -7574
1 -7574
2 1463
5
2 7013
2 -5133
2 8990
5
5
3 -5133
4
2 5643
3 5643
2 8609
4
2 8223
2 4932
4
2 -4139
5
2 -2382
5
5
2 -1629
2 -1344
5
3 -1629
2 9461
3 9461
2 1691
4
6
2 -2426
5
2 3951
6
1 3951
5
2 618
1 -8034
1 618
6
3 618
2 1908
2 -3313
6
2 5251
5
4
1 1922
6
2 -3349
2 -5977
2 1794
4
1 3817
4
2 5083
5
2 4293
2 -291
2 -7824
4
2 -6927
2 187
3 4293
2 -1590
6
6
3 1794
5
2 -8793
4
3 -1590
5
3 -6927
2 -9314
5
3 -9314
2 -5721
5
2 -8934
1 -8934
4
2 8577
4
2 -3038
1 5010
1 1865
1 2065
5
2 -6345
1 4743
3 -6345
2 -4277
3 -4277
2 7862
6
2 2354
4
6
6
5
2 9141
5
2 3925
4
2 -4750
1 -4750
4
2 -3717
6
5
2 -4397
3 -4397
2 -8248
4
2 -2830
3 -2830
6
2 7961
1 2012
1 7961
3 7961
2 -4546
5
2 5416
6
3 5416
2 -4846
3 -4846
2 -2879
1 -2879
1 2580
6
5
2 6248
3 6248
2 -3772
3 -3772
2 3467
6
6
1 3467
5
6
2 -8256
6
1 -8256
6
5
2 2669
6
4
2 4485
3 4485
2 -5003
6
3 -5003
2 -8057
2 9942
5
6
4
6
2 -3224
4
2 -5958
2 2737
4
6
4
2 -4296
1 -4296
4
2 42
5
2 2937
2 -312
4
5
6
2 -6274
6
5
6
2 -883
1 -883
3 -883
2 -9867
3 -9867
2 -8972
2 -4486
2 -6024
1 -6024
2 3579
2 -4484
3 -4486
4
4
2 -4217
2 21
1 2247
2 -8750
3 -4484
5
1 21
2 -4640
6
1 21
1 -4640
2 -940
3 -4217
5
3 -4640
4
4
2 -8843
1 -8843
3 -8843
2 7871
3 7871
2 -7917
2 1117
2 -8638
4
1 -1289
3 1117
3 -7917
2 -3958
3 -3958
2 -7219
1 -7219
6
2 -7782
3 -7782
1 -7219
6
5
2 -5942
5
2 -499
4
2 -9277
3 -9277
6
2 6471
6
2 678
3 6471
5
6
2 5816
1 5816
2 -3869
4
2 9336
6
5
6
2 -6304
2 -2402
1 -2402
4
4
3 5816
2 -4793
1 -4793
3 -4793
2 2543
5
2 7459
1 -5589
2 6253
1 -1421
6
2 9074
3 9074
2 -5652
1 6253
6
4
6
1 5740
3 6253
1 -7021
3 7459
2 8173
2 -1705
1 -4533
6
6
2 -698
1 -8380
3 -698
2 -3662
3 -3662
1 -1705
1 8173
3 8173
2 4776
3 4776
6
3 -1705
2 2936
2 -5960
5
1 785
6
5
2 5319
1 5319
1 5319
3 5319
2 -4874
5
6
2 -1919
4
2 5468
3 5468
2 -1703
4
2 -653
3 -653
6
2 3420
1 3264
6
6
2 2852
6
4
6
2 -5219
1 -8951
1 -6761
4
6
6
6
3 3420
2 -7829
3 -7829
2 -6362
4
2 8113
5
2 6466
6
2 641
6
5
4
2 -3825
2 -9311
5
4
2 5633
6
1 5989
4
6
2 6172
4
2 -9479
3 -9479
2 -443
6
2 5568
5
6
4
2 9618
5
6
2 -116
4
2 -2145
1 -2145
1 -2145
2 7527
6
5
4
2 1510
3 1510
2 -7188
4
2 9440
6
6
2 8979
5
3 8979
2 7639
1 -6620
6
1 6392
5
2 -88
1 1304
6
1 -6179
4
2 -758
4
2 963
3 963
2 -4411
2 1671
4
4
6
2 8206
2 -7249
6
6
1 367
6
5
1 -7249
3 -7249
2 9653
1 -3477
1 9653
3 9653
2 4870
5
2 6009
4
6
2 1248
6
5
6
2 -2531
6
4
6
2 -6935
5
2 -2459
5
2 7299
1 7299
3 7299
2 -8192
2 4332
3 -8192
3 4332
2 8533
4
2 6779
4
2 -2885
4
2 3495
5
2 -3279
2 7596
3 7596
6
5
2 -2477
1 -2477
6
3 -2477
2 1846
6
1 1846
1 7786
5
6
6
2 -8510
2 787
6
5
1 6046
1 -8787
4
2 -5146
1 2205
2 7209
6
4
6
1 7209
2 7317
2 -431
1 -4298
6
3 7209
2 -5440
1 -431
4
2 -3064
5
5
3 -3064
2 -8653
3 -8653
2 5572
3 5572
2 -6652
3 -6652
2 7216
5
2 7911
6
1 7911
1 5687
1 6062
4
2 8515
1 8515
1 -7575
6
4
2 -8633
1 689
2 2758
5
3 -8633
2 6558
1 -7256
5
2 -8838
4
2 -1223
2 4754
1 4754
2 -3430
1 4754
1 -3430
1 9384
2 -3260
4
2 7898
3 7898
4
4
4
2 2493
4
6
6
2 -6042
1 -6042
1 4488
4
6
2 2011
2 2457
1 1545
6
6
6
5
2 6197
5
1 5326
1 2011
2 -8366
6
5
2 6846
2 -7356
3 -8366
3 -7356
4
2 -2444
5
2 -4027
4
2 -1360
2 -1350
5
4
2 -682
1 -200
4
2 -8450
5
6
6
2 -3443
1 -3443
4
2 6476
5
2 4974
4
2 7763
3 7763
2 -2823
5
2 8076
2 -4600
2 -9655
6
4
6
4
4
2 -8020
4
2 -1350
5
2 -590
6
3 -590
2 2478
3 2478
2 -1726
5
2 1277
6
3 1277
2 -2498
3 -2498
2 8197
4
6
2 -3869
4
6
6
2 5152
4
2 -4228
5
2 2791
6
1 2791
1 2791
5
2 5037
2 -1006
4
3 5037
2 -3409
1 -3409
6
1 -3409
6
6
5
2 -5731
2 -1389
1 745
4
4
2 -6683
5
6
2 3799
5
2 -3770
3 -3770
6
6
2 -6543
4
2 4824
5
2 9698
6
3 9698
2 8744
1 9902
2 -3250
2 -1333
2 -183
4
4
4
4
2 8048
1 -8805
3 8048
2 6982
5
2 7018
6
6
2 4046
5
1 -2798
4
2 8654
3 8654
2 9383
3 9383
2 1139
2 740
5
2 867
4
6
6
6
4
2 6660
5
2 -5642
2 -3512
6
5
2 -521
3 -5642
2 -5661
6
4
5
6
2 4184
4
2 -2047
3 -2047
2 829
4
2 1029
1 -2739
5
2 -999
4
2 -3393
6
3 -3393
2 -362
6
5
2 3492
6
3 3492
6
2 -4252
4
2 7950
1 5264
4
2 6586
3 6586
6
2 -3365
1 -1173
2 -5396
3 -5396
4
2 9968
2 -1624
1 9581
6
1 -1624
6
6
2 -5333
2 -2997
3 -1624
2 9462
4
5
6
4
2 4790
3 4790
2 -9569
5
5
2 6578
3 6578
6
2 3689
5
2 -416
1 -416
6
4
2 -1223
5
2 764
5
2 6235
5
2 7996
4
2 -4521
5
2 -739
1 -739
2 1722
6
3 1722
6
5
2 -1773
5
6
2 1692
1 1692
4
2 3123
2 -7404
6
3 3123
2 -7613
1 -7404
4
2 -7290
4
1 -7290
2 -1646
2 -6880
4
6
1 -6880
6
2 2547
1 1203
1 -1646
1 -6880
3 -6880
2 -7305
6
6
3 -1646
6
6
5
2 -5079
3 -5079
2 -7683
4
1 -9745
2 2260
2 3802
6
6
1 2260
2 -1100
6
5
4
2 -3037
5
3 -1100
6
4
6
2 -8857
1 -8857
2 -5359
6
1 -5359
5
6
4
2 8751
2 -437
1 4362
6
3 8751
3 -437
2 7987
5
2 5904
6
5
2 768
5
2 5231
4
2 1065
1 1065
3 1065
6
2 3221
6
5
2 -6255
3 -6255
6
2 -4631
5
2 -7680
6
3 -7680
2 3216
5
2 2714
5
2 1338
3 1338
6
6
2 8054
5
6
2 -9823
6
3 -9823
2 9491
2 5336
1 5336
4
6
5
2 4833
6
1 -8472
4
6
2 7909
2 7333
1 7333
6
1 5885
2 -4778
2 6598
6
2 7396
4
5
2 -4371
3 6598
2 -1774
2 -2843
1 700
4
3 7396
1 -1774
6
1 860
6
3 -1774
4
3 7333
2 1987
6
1 1535
2 1287
4
1 1987
2 -456
2 3698
6
1 2004
2 -3173
1 -1451
4
6
6
4
6
4
4
2 -1791
5
2 7247
3 7247
2 3717
3 3717
2 4099
5
6
2 -4125
5
2 9782
6
2 8857
6
6
2 3451
2 -5666
2 -2009
1 9782
4
4
1 7195
4
3 8857
1 -8092
5
2 -3612
6
5
2 3584
3 3584
2 -3844
5
2 815
